life_steal,hp,physical_critical,magic_str,magic_critical,def,magic_penetrate,energy_recovery_rate,1f4b4ae3df130ecb08df4fb8952349d8f95a2d53c6da21bbf6b59ccb04f7dbed,dodge,wave_hp_recovery,energy_reduce_rate,equipment_id,bccfe0ea5fcb0dd9566f501103659682289e2a4ad3737487caebfbdf8ea3db6f,hp_recovery_rate,atk,accuracy,magic_def,432743981363221839b04b0413cbd903c920ac6179d88191eb943f8225dcbcb7,physical_penetrate,wave_energy_recovery
0.0,0.0,0.0,0.0,0.0,0.0,0.0,0.0,1,0.0,0.0,0.0,101011,"검",0.0,0.0,0.0,0.0,"아이언 블레이드",0.0,0.0
0.0,0.0,0.0,0.0,0.0,0.0,0.0,0.0,1,0.0,0.0,0.0,101071,"단검",0.0,0.0,0.0,0.0,"킬러 펜슬",0.0,0.0
0.0,0.0,0.0,0.0,0.0,0.0,0.0,0.0,1,0.0,0.0,0.0,101101,"너클",0.0,0.0,0.0,0.0,"우드 그립",0.0,0.0
0.0,0.0,0.0,0.0,0.0,0.0,0.0,0.0,1,0.0,0.0,0.0,101131,"활",0.0,0.0,0.0,0.0,"사냥꾼의 활",0.0,0.0
0.0,0.0,0.0,0.0,0.0,0.0,0.0,0.0,1,0.0,0.0,0.0,101161,"창",0.0,0.0,0.0,0.0,"강철의 창",0.0,0.0
0.0,0.0,0.0,0.0,0.0,0.0,0.0,0.0,1,0.0,0.0,0.0,101191,"도끼",0.0,0.0,0.0,0.0,"한손 도끼",0.0,0.0
0.0,0.0,0.0,0.0,0.0,0.0,0.0,0.0,1,0.0,0.0,0.0,101251,"회복 지팡이",0.0,0.0,0.0,0.0,"향나무 지팡이",0.0,0.0
0.0,0.0,0.0,0.0,0.0,0.0,0.0,0.0,1,0.0,0.0,0.0,101281,"경갑옷",0.0,0.0,0.0,0.0,"가죽 멜빵바지",0.0,0.0
0.0,0.0,0.0,0.0,0.0,0.0,0.0,0.0,1,0.0,0.0,0.0,101371,"마도복",0.0,0.0,0.0,0.0,"시작의 로브",0.0,0.0
0.0,0.0,0.0,0.0,0.0,0.0,0.0,0.0,1,0.0,0.0,0.0,101401,"방패",0.0,0.0,0.0,0.0,"나무 방패",0.0,0.0
0.0,0.0,0.0,0.0,0.0,0.0,0.0,0.0,1,0.0,0.0,0.0,101431,"신발",0.0,0.0,0.0,0.0,"가죽 부츠",0.0,0.0
0.0,0.0,0.0,0.0,0.0,0.0,0.0,0.0,1,0.0,0.0,0.0,101521,"마법 모자",0.0,0.0,0.0,0.0,"세련된 베레모",0.0,0.0
0.0,0.0,0.0,0.0,0.0,0.0,0.0,0.0,1,0.0,0.0,0.0,101551,"공격 액세서리",0.0,0.0,0.0,0.0,"의지의 브레이슬릿",0.0,0.0
0.0,0.0,0.0,0.0,0.0,0.0,0.0,0.0,1,0.0,0.0,0.0,101581,"방어 액세서리",0.0,0.0,0.0,0.0,"부적 펜던트",0.0,0.0
0.0,0.0,0.0,0.0,0.0,0.0,0.0,0.0,1,0.0,0.0,0.0,101611,"마법 액세서리",0.0,0.0,0.0,0.0,"기합의 브레이슬릿",0.0,0.0
0.0,30.0,0.0,0.0,0.0,0.0,0.0,0.0,2,0.0,0.0,0.0,102011,"검",0.0,13.0,0.0,0.0,"기어 블레이드",0.0,0.0
0.0,60.0,0.0,0.0,0.0,0.0,0.0,0.0,2,0.0,0.0,0.0,102013,"검",0.0,27.0,0.0,0.0,"블루 블러드",0.0,0.0
0.0,0.0,0.0,0.0,0.0,1.0,0.0,0.0,2,0.0,0.0,0.0,102014,"검",0.0,27.0,0.0,1.0,"오로라의 검",0.0,0.0
0.0,35.0,0.0,0.0,0.0,0.0,0.0,0.0,2,0.0,0.0,0.0,102041,"도",0.0,30.0,0.0,0.0,"크레센트 소드",0.0,0.0
0.0,0.0,0.0,0.0,0.0,0.0,0.0,0.0,2,0.0,0.0,0.0,102071,"단검",0.0,13.0,0.0,0.0,"코만도 나이프",0.0,5.0
0.0,0.0,0.0,0.0,0.0,0.0,0.0,0.0,2,0.0,0.0,0.0,102101,"너클",0.0,27.0,0.0,0.0,"레더 너클",0.0,10.0
0.0,0.0,0.0,0.0,0.0,0.0,0.0,0.0,2,0.0,0.0,0.0,102131,"활",0.0,27.0,0.0,1.0,"크리스탈 보우",0.0,0.0
0.0,0.0,0.0,0.0,0.0,1.0,0.0,0.0,2,0.0,0.0,0.0,102162,"창",0.0,12.0,0.0,0.0,"트라이던트",0.0,0.0
0.0,0.0,0.0,0.0,0.0,3.0,0.0,0.0,2,0.0,0.0,0.0,102163,"창",0.0,20.0,0.0,0.0,"플레임 스피어",0.0,0.0
0.0,0.0,0.0,0.0,0.0,0.0,0.0,0.0,2,0.0,0.0,0.0,102191,"도끼",0.0,16.0,0.0,0.0,"메탈 액스",0.0,0.0
0.0,0.0,0.0,0.0,0.0,0.0,0.0,0.0,2,0.0,0.0,0.0,102192,"도끼",0.0,34.0,0.0,0.0,"하이메탈 액스",0.0,0.0
0.0,0.0,0.0,16.0,0.0,0.0,0.0,0.0,2,0.0,0.0,0.0,102221,"공격 지팡이",0.0,0.0,0.0,0.0,"그린 로드",0.0,0.0
0.0,0.0,0.0,34.0,0.0,0.0,0.0,0.0,2,0.0,0.0,0.0,102222,"공격 지팡이",0.0,0.0,0.0,0.0,"리틀 드래곤 로드",0.0,0.0
0.0,0.0,0.0,13.0,0.0,0.0,0.0,0.0,2,0.0,0.0,0.0,102251,"회복 지팡이",0.0,0.0,0.0,1.0,"만병통치 지팡이",0.0,0.0
0.0,0.0,0.0,27.0,0.0,0.0,0.0,0.0,2,0.0,0.0,0.0,102252,"회복 지팡이",0.0,0.0,0.0,1.0,"유니콘의 자애",0.0,0.0
0.0,90.0,0.0,0.0,0.0,0.0,0.0,0.0,2,0.0,0.0,0.0,102281,"경갑옷",0.0,5.0,0.0,0.0,"지혜의 옷",0.0,0.0
0.0,150.0,0.0,0.0,0.0,1.0,0.0,0.0,2,0.0,0.0,0.0,102282,"경갑옷",0.0,7.0,0.0,1.0,"라이트 플레이트",0.0,0.0
0.0,95.0,0.0,0.0,0.0,1.0,0.0,0.0,2,0.0,0.0,0.0,102311,"중갑옷",0.0,0.0,0.0,0.0,"스케일 메일",0.0,0.0
0.0,180.0,0.0,0.0,0.0,2.0,0.0,0.0,2,0.0,0.0,0.0,102312,"중갑옷",0.0,0.0,0.0,1.0,"하이메탈 플레이트",0.0,0.0
0.0,90.0,0.0,0.0,0.0,0.0,0.0,0.0,2,0.0,0.0,0.0,102341,"옷",0.0,6.0,0.0,0.0,"민속 의복",0.0,0.0
0.0,120.0,0.0,0.0,0.0,1.0,0.0,0.0,2,0.0,110.0,0.0,102342,"옷",0.0,7.0,0.0,1.0,"닌자복",0.0,0.0
0.0,65.0,0.0,4.0,0.0,0.0,0.0,0.0,2,0.0,0.0,0.0,102371,"마도복",0.0,0.0,0.0,1.0,"봄빛 로브",0.0,0.0
0.0,120.0,0.0,7.0,0.0,1.0,0.0,0.0,2,0.0,0.0,0.0,102372,"마도복",0.0,0.0,0.0,2.0,"노르딕 로브",0.0,0.0
0.0,135.0,0.0,0.0,0.0,3.0,0.0,0.0,2,0.0,0.0,0.0,102401,"방패",0.0,7.0,0.0,0.0,"타워 실드",0.0,0.0
0.0,30.0,0.0,0.0,0.0,1.0,0.0,0.0,2,1.0,0.0,0.0,102431,"신발",0.0,2.0,0.0,0.0,"크라운 부츠",0.0,0.0
0.0,60.0,0.0,0.0,0.0,2.0,0.0,0.0,2,2.0,0.0,0.0,102432,"신발",0.0,3.0,0.0,1.0,"헌팅 부츠",0.0,0.0
0.0,30.0,0.0,8.0,0.0,0.0,0.0,0.0,2,0.0,0.0,0.0,102461,"마법 신발",0.0,0.0,0.0,1.0,"위치 부츠",0.0,0.0
0.0,90.0,0.0,0.0,0.0,1.0,0.0,0.0,2,0.0,0.0,0.0,102491,"투구",0.0,3.0,0.0,0.0,"귀여운 카스케트",0.0,0.0
0.0,90.0,0.0,0.0,0.0,1.0,0.0,0.0,2,0.0,0.0,0.0,102493,"투구",0.0,0.0,0.0,1.0,"레기온 헬름",0.0,0.0
0.0,0.0,0.0,7.0,0.0,1.0,0.0,0.0,2,0.0,0.0,0.0,102521,"마법 모자",10.0,0.0,0.0,3.0,"수행자의 후드",0.0,0.0
0.0,0.0,0.0,0.0,0.0,0.0,0.0,0.0,2,0.0,30.0,0.0,102551,"공격 액세서리",0.0,11.0,0.0,0.0,"용기의 보주",0.0,5.0
0.0,0.0,0.0,0.0,0.0,1.0,0.0,0.0,2,0.0,0.0,0.0,102552,"공격 액세서리",5.0,20.0,0.0,0.0,"스파이크 뱅글",0.0,10.0
0.0,55.0,0.0,0.0,0.0,1.0,0.0,0.0,2,0.0,25.0,0.0,102581,"방어 액세서리",0.0,0.0,0.0,1.0,"자애의 보주",0.0,0.0
0.0,120.0,0.0,0.0,0.0,2.0,0.0,0.0,2,0.0,0.0,0.0,102582,"방어 액세서리",0.0,0.0,0.0,2.0,"승리의 실팔찌",0.0,0.0
0.0,0.0,0.0,11.0,0.0,0.0,0.0,0.0,2,0.0,0.0,0.0,102611,"마법 액세서리",0.0,0.0,0.0,1.0,"매직 아이글래스",0.0,0.0
0.0,0.0,0.0,10.0,0.0,0.0,0.0,0.0,2,0.0,25.0,0.0,102612,"마법 액세서리",0.0,0.0,0.0,0.0,"지혜의 보주",0.0,5.0
0.0,0.0,0.0,24.0,0.0,0.0,0.0,0.0,2,0.0,0.0,0.0,102613,"마법 액세서리",0.0,0.0,0.0,2.0,"매직 모노클",0.0,0.0
0.0,0.0,0.0,20.0,0.0,0.0,0.0,0.0,2,0.0,0.0,0.0,102614,"마법 액세서리",0.0,0.0,0.0,1.0,"문양이 새겨진 팔찌",0.0,10.0
0.0,30.0,0.0,0.0,0.0,0.0,0.0,0.0,3,0.0,0.0,0.0,103011,"검",0.0,13.4,0.0,0.0,"빛나는 검",0.0,0.0
0.0,38.4,0.0,0.0,0.0,0.0,0.0,0.0,3,0.0,0.0,0.0,103012,"검",0.0,17.7,0.0,0.0,"용무늬 검",0.0,0.0
0.0,45.0,0.0,0.0,0.0,0.0,0.0,0.0,3,0.0,0.0,0.0,103013,"검",0.0,20.4,0.0,0.0,"페더 블레이드",0.0,0.0
0.0,21.7,0.0,0.0,0.0,0.0,0.0,0.0,3,0.0,0.0,0.0,103041,"도",0.0,19.4,0.0,0.0,"월광도",0.0,0.0
0.0,25.0,0.0,0.0,0.0,0.0,0.0,0.0,3,0.0,0.0,0.0,103042,"도",0.0,22.7,0.0,0.0,"뇌신도",0.0,0.0
0.0,0.0,0.0,0.0,0.0,0.0,0.0,0.0,3,0.0,0.0,0.0,103071,"단검",0.0,13.4,0.0,0.0,"플래티넘 나이프",0.0,5.0
1.0,0.0,0.0,0.0,0.0,0.0,0.0,0.0,3,0.0,0.0,0.0,103072,"단검",0.0,20.4,0.0,0.0,"뱀파이어 대거",0.0,0.0
0.0,0.0,0.0,0.0,0.0,0.0,0.0,0.0,3,0.0,0.0,0.0,103101,"너클",0.0,17.7,0.0,0.0,"드래곤즈 클로",0.0,5.0
0.0,0.0,0.0,0.0,0.0,0.0,0.0,0.0,3,0.0,0.0,0.0,103131,"활",0.0,17.7,0.0,1.0,"큐피드의 활",0.0,0.0
0.0,0.0,0.0,0.0,0.0,0.0,0.0,0.0,3,0.0,0.0,0.0,103132,"활",0.0,20.4,0.0,1.0,"데빌스 보우",0.0,0.0
0.0,0.0,0.0,0.0,0.0,1.0,0.0,0.0,3,0.0,0.0,0.0,103161,"창",0.0,11.7,0.0,0.0,"기사의 자랑",0.0,0.0
0.0,0.0,0.0,0.0,0.0,1.7,0.0,0.0,3,0.0,0.0,0.0,103162,"창",0.0,15.4,0.0,0.0,"앱솔루트 스피어",0.0,0.0
0.0,0.0,0.0,0.0,0.0,0.0,0.0,0.0,3,0.0,0.0,0.0,103191,"도끼",0.0,16.7,0.0,0.0,"블루 스피어 액스",0.0,0.0
0.0,0.0,0.0,0.0,0.0,0.0,0.0,0.0,3,0.0,0.0,0.0,103192,"도끼",0.0,22.0,0.0,0.0,"꽃의 전투 도끼",0.0,0.0
0.0,0.0,0.0,0.0,0.0,0.0,0.0,0.0,3,0.0,0.0,0.0,103193,"도끼",0.0,25.7,0.0,0.0,"번개의 도끼",0.0,0.0
0.0,0.0,0.0,16.7,0.0,0.0,0.0,0.0,3,0.0,0.0,0.0,103221,"공격 지팡이",0.0,0.0,0.0,0.0,"쏜블러드 로드",0.0,0.0
0.0,0.0,0.0,25.7,0.0,0.0,0.0,0.0,3,0.0,0.0,0.0,103222,"공격 지팡이",0.0,0.0,0.0,0.0,"데빌스 혼",0.0,0.0
0.0,0.0,0.0,13.4,0.0,0.0,0.0,0.0,3,0.0,0.0,0.0,103251,"회복 지팡이",0.0,0.0,0.0,0.7,"천구의 지팡이",0.0,0.0
0.0,0.0,0.0,17.7,0.0,0.0,0.0,0.0,3,0.0,0.0,0.0,103252,"회복 지팡이",0.0,0.0,0.0,1.0,"꽃봉오리 지팡이",0.0,0.0
0.0,81.7,0.0,0.0,0.0,0.4,0.0,0.0,3,0.0,0.0,0.0,103281,"경갑옷",0.0,3.7,0.0,0.4,"패션 아머",0.0,0.0
0.0,108.4,0.0,0.0,0.0,0.7,0.0,0.0,3,0.0,0.0,0.0,103282,"경갑옷",0.0,5.0,0.0,0.7,"배틀 드레스",0.0,0.0
0.0,126.7,0.0,0.0,0.0,0.7,0.0,0.0,3,0.0,0.0,0.0,103283,"경갑옷",0.0,5.7,0.0,0.7,"헤비 메탈 아머",0.0,0.0
0.0,81.7,0.0,0.0,0.0,1.0,0.0,0.0,3,0.0,0.0,0.0,103311,"중갑옷",0.0,0.0,0.0,0.7,"고져스 아머",0.0,0.0
0.0,60.0,0.0,0.0,0.0,0.4,0.0,0.0,3,0.0,53.4,0.0,103341,"옷",0.0,3.4,0.0,0.4,"밀푀유 의복",0.0,0.0
0.0,78.4,0.0,0.0,0.0,0.7,0.0,0.0,3,0.0,70.0,0.0,103342,"옷",0.0,4.4,0.0,0.4,"왕궁 의복",0.0,0.0
0.0,68.4,0.0,0.0,0.0,0.7,0.0,0.0,3,0.0,123.4,0.0,103343,"옷",0.0,5.0,0.0,0.7,"코스모스 의복",0.0,0.0
0.0,78.4,0.0,4.4,0.0,0.7,0.0,0.0,3,0.0,0.0,0.0,103371,"마도복",0.0,0.0,0.0,1.4,"큐피드의 로브",0.0,0.0
0.0,81.7,0.0,4.7,0.0,0.7,0.0,0.0,3,0.0,0.0,0.0,103372,"마도복",1.7,0.0,0.0,1.4,"철학자의 로브",0.0,0.0
0.0,96.7,0.0,0.0,0.0,2.0,0.0,0.0,3,0.0,0.0,0.0,103401,"방패",0.0,2.7,0.0,0.0,"가넷 실드",0.0,0.0
0.0,30.0,0.0,0.0,0.0,0.7,0.0,0.0,3,1.0,0.0,0.0,103431,"신발",0.0,1.7,0.0,0.4,"닌자 신발",0.0,0.0
0.0,38.4,0.0,0.0,0.0,0.0,0.0,0.0,3,1.4,0.0,0.0,103432,"신발",0.0,8.7,0.0,0.0,"펜서 부츠",0.0,0.0
0.0,38.4,0.0,6.7,0.0,1.0,0.0,0.0,3,0.0,0.0,0.0,103461,"마법 신발",0.0,0.0,0.0,1.4,"위치 팰리스 부츠",0.0,0.0
0.0,78.4,0.0,0.0,0.0,1.7,0.0,0.0,3,0.0,0.0,0.0,103491,"투구",0.0,0.0,0.0,1.4,"드래곤 헤드",0.0,0.0
0.0,30.0,0.0,6.7,0.0,0.0,0.0,0.0,3,0.0,0.0,0.0,103521,"마법 모자",0.0,0.0,0.0,1.4,"위치 헤어밴드",0.0,0.0
0.0,38.4,0.0,8.7,0.0,0.0,0.0,0.0,3,0.0,0.0,0.0,103522,"마법 모자",0.0,0.0,0.0,2.0,"위치 햇",0.0,0.0
0.0,0.0,0.0,0.0,0.0,1.0,0.0,0.0,3,0.0,30.0,0.0,103551,"공격 액세서리",0.0,11.0,0.0,0.0,"오팔 귀걸이",0.0,0.0
0.0,0.0,0.0,0.0,0.0,0.7,0.0,0.0,3,0.0,78.4,0.0,103552,"공격 액세서리",0.0,14.7,0.0,0.0,"그리핀의 날개 장식",0.0,0.0
0.0,23.4,0.0,0.0,0.0,1.4,0.0,0.0,3,0.0,0.0,0.0,103553,"공격 액세서리",0.0,18.0,0.0,0.0,"진홍색 다이아",0.0,0.0
0.0,60.0,0.0,0.0,0.0,1.0,0.0,0.0,3,0.0,0.0,0.0,103581,"방어 액세서리",0.0,0.0,0.0,1.0,"에메랄드 귀걸이",0.0,0.0
0.0,0.0,0.0,0.0,0.0,1.7,0.0,0.0,3,0.0,0.0,0.0,103582,"방어 액세서리",0.0,8.7,0.0,1.4,"팔각성 목걸이",0.0,0.0
0.0,90.0,0.0,0.0,0.0,1.7,0.0,0.0,3,0.0,0.0,0.0,103583,"방어 액세서리",0.0,0.0,0.0,1.7,"사자왕의 수호",0.0,0.0
0.0,0.0,0.0,10.0,0.0,0.0,0.0,0.0,3,0.0,0.0,0.0,103611,"마법 액세서리",0.0,0.0,0.0,0.0,"터키석 귀걸이",0.0,8.4
0.0,0.0,0.0,3.4,0.0,0.0,0.0,0.0,3,0.0,0.0,0.0,103612,"마법 액세서리",5.0,0.0,0.0,1.7,"진주 귀걸이",0.0,0.0
0.0,0.0,0.0,13.0,0.0,0.0,0.0,0.0,3,0.0,0.0,0.0,103613,"마법 액세서리",0.0,0.0,0.0,0.0,"소서러 아이글래스",0.0,11.7
0.0,0.0,0.0,15.4,0.0,0.0,0.0,0.0,3,0.0,0.0,0.0,103614,"마법 액세서리",5.0,0.0,0.0,1.0,"월계수의 슬픔",0.0,0.0
0.0,33.0,0.0,0.0,0.0,0.0,0.0,0.0,4,0.0,0.0,0.0,104011,"검",0.0,14.6,0.0,0.0,"엔젤 블레이드",0.0,0.0
0.0,14.0,0.0,0.0,0.0,0.0,0.0,0.0,4,0.0,0.0,0.0,104012,"검",0.0,16.0,0.0,0.0,"태양검",0.0,3.0
0.0,0.0,2.0,0.0,0.0,0.0,0.0,0.8,4,0.0,0.0,0.0,104013,"검",0.0,19.0,0.0,0.0,"아이스 클레이모어",0.0,0.0
0.4,28.0,0.0,0.0,0.0,0.0,0.0,0.0,4,0.0,0.0,0.0,104014,"검",0.0,19.0,0.0,0.0,"카오스 블레이드",0.0,0.0
0.4,16.0,0.0,0.0,0.0,0.0,0.0,0.0,4,0.0,0.0,0.0,104041,"도",0.0,14.6,0.0,0.0,"요접의 도",0.0,0.0
0.0,0.0,0.0,0.0,0.0,0.0,0.0,1.6,4,0.0,0.0,0.0,104042,"도",0.0,20.8,0.0,0.0,"광휘의 검",0.0,0.0
0.0,0.0,3.0,0.0,0.0,0.0,0.0,0.0,4,0.0,0.0,0.0,104043,"도",0.0,21.0,0.0,0.0,"매신의 빛나는 검",0.0,0.0
0.0,0.0,2.0,0.0,0.0,0.0,0.0,0.0,4,0.0,20.0,0.0,104044,"도",0.0,22.0,0.0,0.0,"봉황도",0.0,0.0
0.0,0.0,0.0,0.0,0.0,0.0,0.0,0.0,4,0.0,0.0,0.0,104071,"단검",0.0,14.6,0.0,0.0,"프레셔스 나이프",0.0,5.0
0.0,10.0,0.0,0.0,0.0,0.0,0.0,0.0,4,0.0,60.0,0.0,104072,"단검",0.0,15.0,0.0,0.0,"프린세스 나이프",0.0,0.0
0.0,0.0,0.0,0.0,0.0,0.0,0.0,0.0,4,0.0,30.0,0.0,104073,"단검",0.0,16.0,0.0,1.0,"다크 매터 엣지",0.0,0.0
0.0,20.0,0.0,0.0,0.0,0.0,0.0,0.0,4,0.0,30.0,0.0,104074,"단검",0.0,16.8,1.0,0.0,"유니콘 나이프",0.0,0.0
0.0,0.0,0.0,0.0,0.0,0.0,0.0,0.0,4,0.0,0.0,0.0,104101,"너클",0.0,14.6,0.0,0.0,"화염의 건틀렛",0.0,5.0
0.0,0.0,2.0,0.0,0.0,0.0,0.0,1.8,4,0.0,0.0,0.0,104102,"너클",0.0,22.2,0.0,0.0,"사자왕의 건틀렛",0.0,0.0
0.0,0.0,2.0,0.0,0.0,0.0,0.0,0.0,4,0.0,0.0,1.0,104103,"너클",0.0,18.0,0.0,0.0,"블리자드 클로",0.0,0.0
0.0,0.0,2.0,0.0,0.0,0.0,0.0,0.0,4,0.0,0.0,0.0,104104,"너클",0.0,20.0,0.0,0.8,"창뢰권",0.0,0.0
0.0,0.0,0.0,0.0,0.0,0.0,0.0,0.0,4,0.0,0.0,0.0,104131,"활",0.0,14.6,0.0,0.8,"뇌광궁",0.0,0.0
0.0,0.0,0.0,0.0,0.0,0.0,0.0,0.8,4,0.0,24.0,0.0,104132,"활",0.0,15.0,0.0,0.8,"엔젤 보우",0.0,0.0
0.0,0.0,3.0,0.0,0.0,0.0,0.0,0.0,4,0.0,0.0,0.0,104133,"활",0.0,15.0,0.0,1.2,"아르테미스 보우",0.0,0.0
0.0,0.0,0.0,0.0,0.0,0.0,0.0,0.0,4,0.0,12.0,0.0,104134,"활",0.0,16.0,1.0,0.8,"정령수의 활",0.0,0.0
0.0,0.0,0.0,0.0,0.0,1.2,0.0,0.0,4,0.0,0.0,0.0,104161,"창",0.0,12.8,0.0,0.0,"비룡창",0.0,0.0
0.0,0.0,0.0,0.0,0.0,1.0,0.0,0.0,4,0.0,0.0,0.0,104162,"창",0.0,13.6,0.0,0.4,"퀸즈 스피어",0.0,0.0
0.0,0.0,1.0,0.0,0.0,0.6,0.0,0.0,4,0.0,0.0,0.0,104163,"창",0.0,17.0,0.0,0.4,"스톰 브링어",0.0,0.0
0.0,0.0,0.0,0.0,0.0,0.6,0.0,0.6,4,0.0,0.0,0.0,104164,"창",0.0,16.0,0.0,0.4,"가이아 바르딧슈",0.0,0.0
0.0,0.0,0.0,0.0,0.0,0.0,0.0,0.0,4,0.0,0.0,0.0,104191,"도끼",0.0,18.2,0.0,0.0,"자룡부",0.0,0.0
0.0,0.0,0.0,0.0,0.0,0.0,0.0,0.0,4,0.0,0.0,0.0,104192,"도끼",0.0,19.4,0.0,0.0,"헬파이어 액스",0.0,0.0
0.0,0.0,0.0,0.0,0.0,0.0,0.0,0.0,4,0.0,0.0,0.0,104193,"도끼",0.0,22.8,0.0,0.0,"여왕의 전투 도끼",0.0,0.0
0.0,0.0,2.0,0.0,0.0,0.0,0.0,0.0,4,0.0,0.0,0.0,104194,"도끼",0.0,24.0,0.0,0.0,"아쿠아 슬래셔",0.0,0.0
0.0,0.0,0.0,18.2,0.0,0.0,0.0,0.0,4,0.0,0.0,0.0,104221,"공격 지팡이",0.0,0.0,0.0,0.0,"퓨리 로드",0.0,0.0
0.2,0.0,0.0,18.4,0.0,0.0,0.0,0.0,4,0.0,0.0,0.0,104222,"공격 지팡이",0.0,0.0,0.0,0.0,"태양의 로드",0.0,0.0
0.0,0.0,0.0,20.8,1.0,0.0,0.0,0.0,4,0.0,0.0,0.0,104223,"공격 지팡이",0.0,0.0,0.0,0.0,"사법신의 석장",0.0,0.0
0.2,0.0,0.0,21.6,1.0,0.0,0.0,0.0,4,0.0,20.0,0.0,104224,"공격 지팡이",0.0,0.0,0.0,0.0,"하이 데빌즈 완드",0.0,0.0
0.0,0.0,0.0,14.6,0.0,0.0,0.0,0.0,4,0.0,0.0,0.0,104251,"회복 지팡이",0.0,0.0,0.0,0.8,"월화장",0.0,0.0
0.0,0.0,0.0,13.4,0.0,0.0,0.0,0.0,4,0.0,0.0,0.0,104252,"회복 지팡이",3.0,0.0,0.0,0.8,"생명의 로드",0.0,0.0
0.0,0.0,0.0,15.4,0.0,0.0,0.0,0.0,4,0.0,0.0,1.0,104253,"회복 지팡이",0.0,0.0,0.0,0.8,"피닉스 로드",0.0,0.0
0.0,0.0,0.0,17.2,0.0,0.0,0.0,0.0,4,0.0,20.0,0.0,104254,"회복 지팡이",1.0,0.0,0.0,0.8,"하이 엔젤 로드",0.0,0.0
0.0,90.0,0.0,0.0,0.0,0.4,0.0,0.0,4,0.0,0.0,0.0,104281,"경갑옷",0.0,4.0,0.0,0.4,"인비저블 드레스",0.0,0.0
0.0,50.0,0.0,0.0,0.0,0.6,0.0,0.0,4,0.0,0.0,0.0,104282,"경갑옷",0.0,5.0,0.0,0.4,"미스릴 플레이트",0.0,5.0
0.0,30.0,2.0,0.0,0.0,1.0,0.0,0.0,4,0.0,0.0,0.0,104283,"경갑옷",0.0,7.0,0.0,0.8,"크루세이더 플레이트",0.0,0.0
0.0,32.0,2.0,0.0,0.0,0.8,0.0,0.0,4,0.0,0.0,0.0,104284,"경갑옷",0.0,8.8,0.0,0.6,"스칼렛 메일",0.0,0.0
0.0,90.0,0.0,0.0,0.0,1.0,0.0,0.0,4,0.0,0.0,0.0,104311,"중갑옷",0.0,0.0,0.0,0.8,"엔젤 아머",0.0,0.0
0.0,60.0,0.0,0.0,0.0,0.8,0.0,0.0,4,0.0,80.0,0.0,104312,"중갑옷",0.0,0.0,0.0,0.8,"버밀리온 메일",0.0,0.0
0.0,60.0,0.0,0.0,0.0,0.8,0.0,0.0,4,0.0,0.0,0.0,104313,"중갑옷",0.0,0.0,0.0,2.0,"바이올렛 아머",0.0,0.0
0.2,20.0,0.0,0.0,0.0,1.4,0.0,0.0,4,0.0,0.0,0.0,104314,"중갑옷",0.0,0.0,0.0,2.0,"드래고닉 아머",0.0,0.0
0.0,72.0,0.0,0.0,0.0,0.4,0.0,0.0,4,0.0,65.0,0.0,104341,"옷",0.0,2.0,0.0,0.4,"월하의 법의 ",0.0,0.0
0.0,36.0,0.0,0.0,0.0,1.0,0.0,0.0,4,0.2,0.0,0.0,104342,"옷",0.0,7.0,0.0,0.6,"은둔자의 의복",0.0,0.0
0.0,40.0,2.0,0.0,0.0,0.6,0.0,0.0,4,0.0,0.0,0.0,104343,"옷",0.0,9.0,0.0,0.4,"창공의 로브",0.0,0.0
0.0,40.0,0.0,0.0,0.0,1.4,0.0,0.0,4,0.0,50.0,0.0,104344,"옷",0.0,6.0,0.0,0.0,"다크 테러 드레스",0.0,0.0
0.0,33.0,0.0,9.4,0.0,0.4,0.0,0.8,4,0.0,0.0,0.0,104371,"마도복",0.0,0.0,0.0,0.8,"대마도사의 로브",0.0,0.0
0.0,48.0,0.0,7.4,0.0,0.4,0.0,0.0,4,0.0,0.0,0.0,104372,"마도복",1.0,0.0,0.0,0.8,"성자의 로브",0.0,0.0
0.0,40.0,0.0,5.0,0.0,0.8,0.0,0.0,4,0.0,0.0,0.0,104373,"마도복",0.6,0.0,0.0,1.2,"짙은 녹색의 영의",0.0,0.0
0.8,33.0,0.0,0.0,0.0,0.8,0.0,0.0,4,0.0,0.0,0.0,104401,"방패",0.0,3.6,0.0,0.8,"엠프레스 실드",0.0,0.0
0.6,0.0,0.0,0.0,0.0,0.8,0.0,0.0,4,0.0,0.0,0.0,104402,"방패",0.0,10.0,0.0,0.8,"가디언 실드",0.0,0.0
0.0,33.0,0.0,0.0,0.0,0.8,0.0,0.0,4,1.2,0.0,0.0,104431,"신발",0.0,1.8,0.0,0.4,"팔라딘 그리브",0.0,0.0
0.0,44.0,0.0,0.0,0.0,0.6,0.0,0.0,4,1.0,0.0,0.0,104432,"신발",3.0,0.0,0.0,0.6,"엔젤 부츠",0.0,0.0
0.0,0.0,0.0,0.0,0.0,0.0,0.0,0.0,4,1.0,0.0,0.0,104433,"신발",2.0,7.6,0.0,0.6,"페어리얼 부츠",0.0,0.0
0.0,33.0,0.0,5.4,0.0,0.8,0.0,0.0,4,0.0,0.0,0.0,104461,"마법 신발",0.0,0.0,0.0,1.2,"위저드 부츠",0.0,0.0
0.0,20.0,0.0,3.0,0.0,0.2,0.0,0.0,4,0.0,40.0,0.0,104462,"마법 신발",0.0,0.0,0.0,2.4,"네크로맨서 부츠",0.0,0.0
0.0,8.0,0.0,10.0,1.4,0.0,0.0,0.0,4,0.0,0.0,0.4,104463,"마법 신발",0.0,0.0,0.0,1.0,"아쿠에리어스 부츠",0.0,0.0
0.0,98.0,0.0,0.0,0.0,0.8,0.0,0.0,4,0.0,0.0,0.0,104491,"투구",0.0,3.6,0.0,0.0,"페더 왈츠",0.0,0.0
0.0,33.0,0.0,7.4,0.0,0.0,0.0,0.0,4,0.0,0.0,0.0,104521,"마법 모자",0.0,0.0,0.0,1.6,"위저드 후드",0.0,0.0
0.0,18.0,0.0,9.0,1.0,0.0,0.0,0.0,4,0.0,0.0,0.0,104522,"마법 모자",0.0,0.0,0.0,0.8,"법왕의 후드",0.0,4.0
0.0,20.0,0.0,9.0,1.0,0.6,0.0,0.0,4,0.0,0.0,0.0,104523,"마법 모자",0.0,0.0,0.0,1.0,"복음의 티아라",0.0,0.0
0.0,0.0,2.0,0.0,0.0,0.4,0.0,1.0,4,0.0,0.0,0.0,104551,"공격 액세서리",0.0,13.2,0.0,0.0,"엘리멘탈 하트",0.0,0.0
0.0,0.0,2.0,0.0,0.0,0.0,0.0,0.0,4,0.0,0.0,0.0,104552,"공격 액세서리",2.0,14.0,0.0,0.4,"태양의 목걸이",0.0,0.0
0.0,40.0,2.4,0.0,0.0,0.0,0.0,0.0,4,0.0,0.0,0.0,104553,"공격 액세서리",0.0,14.8,0.0,0.0,"염제의 반지",0.0,0.0
0.0,0.0,1.6,0.0,0.0,0.0,0.0,0.0,4,0.4,0.0,0.0,104554,"명중 액세서리",0.0,10.8,2.0,0.0,"묘신의 팬던트",0.0,0.0
0.0,26.0,0.0,2.0,0.0,1.0,0.0,1.0,4,0.0,0.0,0.0,104581,"방어 액세서리",0.0,0.0,0.0,1.2,"수호의 팔찌",0.0,0.0
0.0,60.0,0.0,0.0,0.0,1.8,0.0,0.0,4,0.0,0.0,0.0,104582,"방어 액세서리",0.0,0.0,0.0,1.0,"문 브레이슬릿",0.0,0.0
0.0,40.0,0.0,0.0,0.0,1.2,0.0,0.0,4,0.0,0.0,0.0,104583,"방어 액세서리",2.0,0.0,0.0,1.2,"성신도의 팬던트",0.0,0.0
0.0,10.0,0.0,9.2,1.2,0.0,0.0,1.0,4,0.0,0.0,0.0,104611,"마법 액세서리",0.0,0.0,0.0,0.0,"초승달의 한탄",0.0,3.0
0.0,24.0,0.0,14.0,1.6,0.0,0.0,0.0,4,0.0,24.0,0.0,104612,"마법 액세서리",0.0,0.0,0.0,0.0,"용의 눈물",0.0,0.0
0.0,0.0,0.0,16.0,2.0,0.0,0.0,0.0,4,0.0,0.0,0.0,104613,"마법 액세서리",0.0,0.0,0.0,0.0,"대현자의 보주",0.0,3.2
0.0,24.0,2.0,0.0,0.0,0.0,0.0,0.0,5,0.0,0.0,0.0,105011,"검",0.0,21.0,0.6,0.0,"라이트닝 블레이드",0.0,0.0
0.0,24.0,0.0,0.0,0.0,0.0,0.0,0.0,5,0.0,0.0,0.0,105012,"검",0.0,23.0,0.6,0.0,"하늘을 여는 성검",0.0,0.0
0.0,28.0,0.0,0.0,0.0,0.0,0.0,0.0,5,0.0,0.0,0.0,105013,"검",0.0,24.0,0.0,0.0,"과오의 대검",0.0,1.6
0.0,32.0,0.8,0.0,0.0,0.0,0.0,0.0,5,0.0,0.0,0.0,105014,"검",0.0,26.4,0.0,0.0,"신주검 아쿠아룰러",0.0,0.0
0.0,12.0,2.0,0.0,0.0,0.0,0.0,0.0,5,0.0,0.0,0.0,105015,"검",0.0,29.0,0.0,0.0,"패왕광용검",0.0,0.0
0.0,16.0,2.8,0.0,0.0,0.0,0.0,0.0,5,0.0,0.0,0.0,105016,"검",0.0,30.6,0.0,0.0,"성핵검 엘츠 슈나이드",0.0,0.0
0.0,12.0,3.2,0.0,0.0,0.0,0.0,0.0,5,0.0,0.0,0.0,105017,"검",0.0,33.4,0.0,0.0,"신토끼의 대검",0.0,0.0
0.0,0.0,2.4,0.0,0.0,0.0,0.0,0.0,5,0.0,0.0,0.0,105041,"도",0.0,23.6,0.6,0.0,"백화백앵도",0.0,0.0
0.0,0.0,2.4,0.0,0.0,0.0,0.0,0.0,5,0.0,0.0,0.0,105042,"도",1.2,24.0,0.0,0.0,"유화의 푸른 검",0.0,0.0
0.4,0.0,2.8,0.0,0.0,0.0,0.0,0.0,5,0.0,0.0,0.0,105043,"도",0.0,25.0,0.0,0.0,"요도혈아",0.0,0.0
0.0,16.0,3.2,0.0,0.0,0.0,0.0,0.0,5,0.0,0.0,0.0,105044,"도",0.0,26.8,0.0,0.0,"염신도 이그니스",0.0,0.0
0.0,20.0,2.0,0.0,0.0,0.8,0.0,0.0,5,0.0,0.0,0.0,105045,"도",0.0,24.0,0.0,0.0,"취풍신의 태도",0.0,0.0
0.0,0.0,5.0,0.0,0.0,0.0,0.0,0.0,5,0.0,0.0,0.0,105046,"도",0.0,30.0,0.4,0.0,"신들린 지인도",0.0,0.0
0.0,0.0,4.0,0.0,0.0,0.0,0.0,0.0,5,0.0,0.0,0.0,105047,"도",0.0,34.4,0.0,0.0,"아름다운 잉어의 신도",0.0,0.0
0.0,24.0,4.0,0.0,0.0,0.0,0.0,0.0,5,0.0,30.0,0.0,105071,"단검",0.0,20.0,0.0,0.0,"에메랄드 대거",0.0,0.0
0.0,8.0,4.0,0.0,0.0,0.0,0.0,0.4,5,0.0,0.0,0.0,105072,"단검",0.0,23.0,0.0,0.0,"라바 엣지",0.0,0.0
0.0,12.0,3.2,0.0,0.0,0.0,0.0,0.0,5,0.0,24.0,0.0,105073,"단검",0.0,24.0,0.0,0.0,"티르 너 노그 대거",0.0,0.0
0.0,22.0,4.0,0.0,0.0,0.0,0.0,0.0,5,0.0,0.0,0.0,105074,"단검",0.0,24.8,0.0,0.0,"천뇌의 쌍신검",0.0,1.2
0.0,0.0,4.0,0.0,0.0,0.0,0.0,0.0,5,0.0,0.0,0.0,105075,"단검",0.0,29.2,0.0,0.0,"흑천검 옵시우스",0.0,0.0
0.0,0.0,2.8,0.0,0.0,0.0,0.0,0.0,5,0.0,0.0,0.0,105076,"단검",0.0,32.2,0.0,0.0,"게헤나 드라군",0.0,0.0
0.0,0.0,6.0,0.0,0.0,0.0,0.0,0.0,5,0.0,0.0,0.0,105077,"단검",0.0,30.6,0.8,0.0,"명인 · 아천구",0.0,0.0
0.0,0.0,1.2,0.0,0.0,0.0,0.0,0.0,5,0.0,0.0,0.0,105101,"권",0.0,24.0,0.6,0.0,"문 세스타스",0.0,0.0
0.0,0.0,3.2,0.0,0.0,0.0,0.0,0.0,5,0.0,0.0,0.0,105102,"권",0.0,26.0,0.0,0.0,"크림슨 클로",0.0,0.0
0.0,0.0,2.8,0.0,0.0,0.6,0.0,0.0,5,0.0,0.0,0.0,105103,"권",0.0,24.0,0.0,0.0,"코퀴토스 네일",0.0,0.0
0.0,0.0,3.2,0.0,0.0,0.8,0.0,0.0,5,0.0,0.0,0.0,105104,"권",0.0,24.8,0.0,0.0,"남신 템페스트 기어",0.0,0.0
0.0,0.0,6.0,0.0,0.0,0.0,0.0,0.0,5,0.0,0.0,0.0,105105,"권",0.0,22.2,0.0,1.2,"극암조 블러디 하울",0.0,0.0
0.0,0.0,6.0,0.0,0.0,0.0,0.0,0.0,5,0.0,0.0,0.0,105106,"권",0.0,30.8,0.0,0.0,"성핵권 엘츠 루아",0.0,0.0
0.0,0.0,5.6,0.0,0.0,0.8,0.0,0.0,5,0.0,0.0,0.0,105107,"권",0.0,26.6,0.0,0.6,"통천수갑 · 코뿔소 치기",0.0,0.0
0.0,0.0,0.8,0.0,0.0,0.0,0.0,0.4,5,0.0,0.0,0.0,105131,"활",0.0,20.0,0.0,0.8,"백은의 큰 날개활",0.0,0.0
0.4,0.0,1.4,0.0,0.0,0.0,0.0,0.0,5,0.0,0.0,0.0,105132,"활",0.0,22.0,0.0,0.6,"어비스 보우",0.0,0.0
0.0,0.0,3.0,0.0,0.0,0.0,0.0,0.0,5,0.0,0.0,0.0,105133,"활",0.0,25.2,0.6,0.0,"홍천궁",0.0,0.0
0.0,0.0,0.0,0.0,0.0,0.4,0.0,0.0,5,0.0,0.0,0.0,105134,"활",0.0,26.4,0.0,0.4,"장호궁 데우스 폴",0.0,0.0
0.0,0.0,0.0,0.0,0.0,0.6,0.0,0.0,5,0.0,0.0,0.0,105135,"활",0.0,27.4,0.0,0.2,"빙루궁 프리징 티어",0.0,0.0
0.0,0.0,0.0,0.0,0.0,0.8,0.0,0.0,5,0.0,0.0,0.0,105136,"활",0.0,27.8,0.0,0.4,"성핵궁 엘츠 보겐",0.0,0.0
0.0,0.0,4.4,0.0,0.0,0.0,0.0,0.0,5,0.0,0.0,0.0,105137,"활",0.0,32.0,0.0,0.4,"하늘을 뚫는 매의 활",0.0,0.0
0.0,0.0,2.0,0.0,0.0,0.8,0.0,0.0,5,0.0,0.0,0.0,105161,"창",0.0,19.6,0.0,0.4,"제로 프로스트 랜스",0.0,0.0
0.0,0.0,0.0,0.0,0.0,0.8,0.0,0.0,5,0.4,0.0,0.0,105162,"창",0.0,18.4,0.0,0.6,"게일 스팅어",0.0,0.0
0.0,0.0,0.0,0.0,0.0,0.8,0.0,0.0,5,0.0,0.0,0.0,105163,"창",0.0,20.4,0.0,0.8,"호천의 성스러운 창",0.0,0.0
0.4,0.0,0.0,0.0,0.0,0.6,0.0,0.0,5,0.0,0.0,0.0,105164,"창",0.0,22.6,0.0,0.6,"명신창 둠페인",0.0,0.0
0.0,0.0,0.0,0.0,0.0,0.0,0.0,0.0,5,0.0,0.0,0.0,105165,"창",0.0,28.2,0.0,0.6,"호염창 프로미넌스",0.0,0.0
0.0,30.0,0.0,0.0,0.0,1.0,0.0,0.0,5,0.0,0.0,0.0,105166,"창",0.0,25.4,0.0,0.0,"성핵창 엘츠 볼그",0.0,0.0
0.0,50.0,0.0,0.0,0.0,0.6,0.0,0.0,5,0.0,0.0,0.0,105167,"활",0.0,27.8,0.0,0.0,"성록창 알마 베나이드",0.0,0.0
0.4,0.0,0.0,0.0,0.0,0.0,0.0,0.0,5,0.0,0.0,0.0,105191,"도끼",0.0,24.0,0.2,0.0,"네크로 딤 액스",0.0,0.0
0.0,0.0,2.0,0.0,0.0,0.0,0.0,0.6,5,0.0,0.0,0.0,105192,"도끼",0.0,24.0,0.0,0.0,"신탁의 성스러운 도끼",0.0,0.0
0.0,12.0,2.4,0.0,0.0,0.0,0.0,0.0,5,0.0,0.0,0.0,105193,"도끼",0.0,26.0,0.0,0.0,"가이아 액스",0.0,0.0
0.0,0.0,2.4,0.0,0.0,0.0,0.0,0.0,5,0.0,20.0,0.0,105194,"도끼",0.0,28.0,0.0,0.0,"신굉부 테라 브레이크",0.0,0.0
0.0,0.0,0.0,0.0,0.0,0.0,0.0,0.0,5,0.0,0.0,0.0,105195,"도끼",0.0,30.2,0.0,0.2,"기조부 코어 브레이커",0.0,0.0
0.0,0.0,0.0,0.0,0.0,0.0,0.0,0.0,5,0.0,0.0,0.0,105196,"도끼",0.0,34.0,0.0,0.0,"터키석 노아",0.0,0.0
0.0,40.0,4.0,0.0,0.0,0.0,0.0,0.0,5,0.0,0.0,0.0,105197,"도끼",0.0,30.0,0.0,0.0,"염비제의 갈퀴 도끼",0.0,0.0
0.0,0.0,0.0,20.0,2.0,0.0,0.0,0.0,5,0.0,0.0,0.6,105221,"공격 지팡이",0.0,0.0,0.0,0.0,"제노스 피어 로드",0.0,0.0
0.0,0.0,0.0,22.0,2.4,0.0,0.0,0.0,5,0.0,0.0,0.0,105222,"공격 지팡이",0.0,0.0,0.0,0.0,"제네시스 로드",0.0,4.0
0.0,0.0,0.0,23.6,2.8,0.0,0.0,0.4,5,0.0,0.0,0.0,105223,"공격 지팡이",0.0,0.0,0.0,0.0,"케라우노스 완드",0.0,0.0
0.0,0.0,0.0,25.6,3.2,0.0,0.0,0.0,5,0.0,0.0,0.0,105224,"공격 지팡이",0.0,0.0,0.0,0.0,"흑사룡의 지팡이",0.0,2.0
0.0,0.0,0.0,29.2,2.0,0.0,0.0,0.0,5,0.0,0.0,0.0,105225,"공격 지팡이",0.0,0.0,0.0,0.0,"월연장 새크리파이스",0.0,0.0
0.0,0.0,0.0,30.8,0.0,0.0,0.0,0.0,5,0.0,0.0,0.0,105226,"공격 지팡이",0.0,0.0,0.0,0.0,"청아한 푸른 나비의 지팡이",0.0,4.0
0.0,0.0,0.0,34.4,2.4,0.0,0.0,0.0,5,0.0,0.0,0.0,105227,"공격 지팡이",0.0,0.0,0.0,0.0,"흑사의 마염 지팡이",0.0,0.0
0.0,0.0,0.0,19.0,0.0,0.0,0.0,0.0,5,0.0,24.0,0.0,105251,"회복 지팡이",1.2,0.0,0.0,0.8,"플레임 아모르 로드",0.0,0.0
0.0,0.0,0.0,18.4,0.0,0.4,0.0,0.0,5,0.0,0.0,0.4,105252,"회복 지팡이",0.0,0.0,0.0,0.6,"성스러운 꽃의 지팡이",0.0,2.0
0.0,0.0,0.0,20.0,0.0,0.6,0.0,0.0,5,0.0,24.0,0.0,105253,"회복 지팡이",0.0,0.0,0.0,0.8,"아틀란티스 로드",0.0,0.0
0.0,12.0,0.0,22.0,0.0,0.6,0.0,0.0,5,0.0,0.0,0.0,105254,"회복 지팡이",0.0,0.0,0.0,0.8,"천장 스텔라 스피어",0.0,0.0
0.0,0.0,0.0,25.4,0.0,0.4,0.0,0.0,5,0.0,0.0,0.0,105255,"회복 지팡이",1.0,0.0,0.0,0.4,"세계수의 지팡이",0.0,0.0
0.0,0.0,0.0,30.4,0.0,0.2,0.0,0.0,5,0.0,0.0,0.0,105256,"회복 지팡이",0.2,0.0,0.0,0.4,"염조장 레이즈 플레어",0.0,0.0
0.0,0.0,0.0,27.2,0.0,0.8,0.0,0.0,5,0.0,0.0,0.0,105257,"회복 지팡이",0.0,0.0,0.0,1.0,"백사의 수성 지팡이",0.0,0.0
0.0,20.0,0.0,0.0,0.0,1.2,0.0,0.6,5,0.0,0.0,0.0,105281,"경갑옷",0.0,6.4,0.0,0.8,"판타즘 메일",0.0,0.0
0.0,16.0,0.0,0.0,0.0,1.2,0.0,0.0,5,0.0,0.0,0.0,105282,"경갑옷",0.0,8.4,0.0,1.2,"구천의 갑주",0.0,0.0
0.0,16.0,0.0,0.0,0.0,1.4,0.0,0.0,5,0.0,0.0,0.0,105283,"경갑옷",0.0,8.8,0.0,1.0,"레이지퀸의 드레스",0.0,0.0
0.0,0.0,0.0,0.0,0.0,1.2,0.0,0.0,5,0.0,0.0,0.0,105284,"경갑옷",0.0,9.6,0.0,1.2,"섬화의 갑주",0.0,2.4
0.0,0.0,1.8,0.0,0.0,1.6,0.0,0.0,5,0.0,0.0,0.0,105285,"경갑옷",0.0,14.0,0.0,0.4,"소울 로즈의 갑주",0.0,0.0
0.0,0.0,0.0,0.0,0.0,1.2,0.0,0.0,5,0.0,0.0,0.0,105286,"경갑옷",0.0,16.2,0.0,0.8,"극남천의 열창갑주",0.0,0.0
0.0,0.0,4.0,0.0,0.0,0.6,0.0,0.0,5,0.0,0.0,0.0,105287,"경갑옷",0.0,18.4,0.0,1.0,"성광의 릴리 플레이트",0.0,0.0
0.0,24.0,0.0,0.0,0.0,2.0,0.0,0.0,5,0.0,0.0,0.0,105311,"중갑옷",0.0,0.0,0.0,1.8,"푸른 빛의 갑주",0.0,0.0
0.0,0.0,0.0,0.0,0.0,2.2,0.0,0.0,5,0.0,20.0,0.0,105312,"중갑옷",0.0,0.0,0.0,2.0,"성스러운 벚꽃의 갑주",0.0,0.0
0.0,10.0,0.0,0.0,0.0,2.4,0.0,0.0,5,0.0,0.0,0.2,105313,"중갑옷",0.0,0.0,0.0,1.6,"황금의 갑주",0.0,0.0
0.0,14.0,0.0,0.0,0.0,2.4,0.0,0.0,5,0.0,0.0,0.0,105314,"중갑옷",0.0,0.0,0.0,2.0,"열풍의 갑주",0.0,0.0
0.0,20.0,0.0,0.0,0.0,1.8,0.0,0.0,5,0.0,10.0,0.0,105315,"중갑옷",0.0,0.0,0.0,2.6,"치백은의 갑주",0.0,0.0
0.0,15.0,0.0,0.0,0.0,3.2,0.0,0.0,5,0.0,0.0,0.0,105316,"중갑옷",0.0,0.0,0.0,1.8,"극북천의 패염갑주",0.0,0.0
0.0,42.0,0.0,0.0,0.0,3.0,0.0,0.0,5,0.0,0.0,0.0,105317,"중갑옷",0.0,0.0,0.0,1.8,"선인장의 가시갑주",0.0,0.0
0.0,20.0,0.0,0.0,0.0,0.8,0.0,0.0,5,0.0,0.0,0.0,105341,"옷",0.0,6.8,2.0,0.4,"이지스 코트",0.0,0.0
0.0,32.0,0.0,0.0,0.0,1.2,0.0,0.0,5,0.4,0.0,0.0,105342,"옷",0.0,0.0,0.0,2.0,"메이든 클로스",0.0,0.0
0.0,0.0,2.0,0.0,0.0,1.0,0.0,0.0,5,0.0,0.0,0.0,105343,"옷",0.0,13.0,0.0,0.8,"귀염의 전투복",0.0,0.0
0.0,0.0,2.4,0.0,0.0,1.0,0.0,0.0,5,0.0,0.0,0.0,105344,"옷",0.0,13.2,0.0,0.8,"칠흑의 명의",0.0,0.0
0.0,0.0,0.0,0.0,0.0,1.2,0.0,0.0,5,0.0,0.0,0.0,105345,"옷",0.0,13.6,1.0,0.4,"물의 의복 에쥬어 론도",0.0,0.0
0.0,0.0,0.0,0.0,0.0,1.4,0.0,0.0,5,0.0,30.0,0.0,105346,"옷",0.0,12.4,0.0,1.0,"극동천의 벽풍복",0.0,0.0
0.0,0.0,2.4,0.0,0.0,1.2,0.0,0.0,5,0.4,0.0,0.0,105347,"옷",0.0,13.6,0.0,1.0,"흰 안개의 순화복",0.0,0.0
0.0,24.0,0.0,4.0,0.0,1.0,0.0,0.6,5,0.0,0.0,0.0,105371,"마도복",0.0,0.0,0.0,1.4,"순결의 무녀복",0.0,0.0
0.0,0.0,0.0,8.6,1.6,1.0,0.0,0.0,5,0.0,0.0,0.0,105372,"마도복",0.0,0.0,0.0,1.4,"엠프레스 로브",0.0,0.0
0.0,0.0,0.0,9.6,2.0,0.8,0.0,0.0,5,0.0,0.0,0.0,105373,"마도복",0.0,0.0,0.0,1.4,"엑조마기아 로브",0.0,0.0
0.0,16.0,0.0,8.6,0.0,1.2,0.0,0.0,5,0.0,0.0,0.0,105374,"마도복",0.0,0.0,0.0,1.4,"상빙의 천의",0.0,0.0
0.0,0.0,0.0,9.2,2.6,1.0,0.0,0.0,5,0.0,0.0,0.0,105375,"마도복",0.0,0.0,0.0,1.6,"별을 노래하는 성령의",0.0,0.0
0.0,0.0,0.0,10.4,3.0,0.8,0.0,0.0,5,0.0,0.0,0.0,105376,"마도복",0.0,0.0,0.0,1.8,"극서천의 성도의",0.0,0.0
0.0,0.0,0.0,12.0,1.6,1.2,0.0,0.0,5,0.0,0.0,0.0,105377,"마도복",0.0,0.0,0.0,1.8,"비천의 튤립 드레스",0.0,0.0
0.0,0.0,0.0,0.0,0.0,1.0,0.0,0.0,5,0.4,0.0,0.0,105401,"방패",0.0,10.8,0.0,0.6,"별을 노래하는 방패",0.0,0.0
0.0,16.0,0.0,0.0,0.0,1.8,0.0,0.0,5,0.0,0.0,0.0,105402,"방패",0.0,0.0,0.0,2.8,"치백은의 방패",0.0,0.0
0.0,24.0,0.0,0.0,0.0,1.8,0.0,0.0,5,0.0,0.0,0.0,105403,"방패",0.0,0.0,0.0,3.4,"성원환 헤븐리 로터스",0.0,0.0
0.0,12.0,2.0,0.0,0.0,1.6,0.0,0.0,5,0.0,0.0,0.0,105431,"신발",0.0,6.0,0.0,1.2,"인퍼널 그리브",0.0,0.0
0.0,0.0,0.0,0.0,0.0,0.8,0.0,0.0,5,0.4,0.0,0.0,105432,"신발",0.0,14.0,0.0,0.6,"천상의 금화",0.0,0.0
0.0,20.0,0.0,0.0,0.0,1.2,0.0,0.0,5,0.0,0.0,0.0,105433,"신발",0.0,0.0,0.0,3.6,"극익천의 성화",0.0,0.0
0.0,12.0,0.0,4.8,0.0,1.2,0.0,0.0,5,0.0,0.0,0.0,105462,"마법 신발",0.8,0.0,0.0,1.8,"블러드 루비 구두",0.0,0.0
0.0,14.0,0.0,5.2,0.0,1.4,0.0,0.0,5,0.0,0.0,0.0,105463,"마법 신발",0.0,0.0,0.0,2.2,"치백은의 그리브",0.0,0.0
0.0,0.0,0.0,5.6,0.0,1.8,0.0,0.0,5,0.0,0.0,0.0,105464,"마법 신발",0.0,0.0,0.0,2.8,"프라이드 오브 로즈",0.0,0.0
0.0,0.0,0.0,0.0,0.0,1.0,0.0,0.0,5,0.0,0.0,0.0,105491,"모자",0.0,12.0,0.6,0.8,"로얄 가드 햇",0.0,0.0
0.0,20.0,0.0,9.6,1.6,0.6,0.0,0.0,5,0.0,0.0,0.0,105521,"마법 모자",0.0,0.0,0.0,1.0,"망곡의 관",0.0,0.0
0.0,0.0,0.0,4.4,0.0,1.2,0.0,0.0,5,0.0,0.0,0.0,105522,"마법 모자",0.0,0.0,0.0,2.0,"백기의 성스러운 관",0.0,2.4
0.0,0.0,0.0,4.6,0.0,1.6,0.0,0.4,5,0.0,0.0,0.0,105523,"마법 모자",0.0,0.0,0.0,1.8,"번영의 베일",0.0,0.0
0.0,0.0,0.0,7.2,0.0,1.4,0.0,0.0,5,0.0,0.0,0.0,105524,"마법 모자",0.0,0.0,0.0,2.0,"극익천의 현성모",0.0,3.0
0.0,14.0,2.0,0.0,0.0,0.0,0.0,0.0,5,0.0,0.0,0.0,105551,"공격 액세서리",0.0,12.8,2.0,0.0,"밀레니엄 이어링",0.0,0.0
0.0,0.0,2.6,0.0,0.0,0.0,0.0,0.0,5,0.0,0.0,0.0,105552,"공격 액세서리",0.0,16.8,0.0,0.0,"격노한 용의 팬던트",0.0,5.0
0.0,0.0,4.8,0.0,0.0,0.0,0.0,0.0,5,0.0,0.0,0.0,105553,"공격 액세서리",0.0,20.4,0.0,0.0,"투신의 팔찌",0.0,0.0
0.0,0.0,5.6,0.0,0.0,0.0,0.0,0.0,5,0.0,0.0,0.0,105554,"공격 액세서리",0.0,20.8,0.0,0.0,"붉은 모란꽃 비녀",0.0,0.0
0.0,0.0,5.8,0.0,0.0,0.0,0.0,0.0,5,0.0,0.0,0.0,105555,"공격 액세서리",0.0,19.6,0.6,0.0,"화룡의 반지",0.0,0.0
0.0,10.0,5.8,0.0,0.0,0.0,0.0,0.0,5,0.0,0.0,0.0,105556,"공격 액세서리",0.0,21.0,0.0,0.0,"루비 로즈 초커",0.0,0.0
0.0,0.0,7.6,0.0,0.0,0.0,0.0,0.0,5,0.0,0.0,0.0,105557,"공격 액세서리",0.0,22.0,0.0,0.0,"홍조의 클라리온 브로치",0.0,0.0
0.0,40.0,0.0,0.0,0.0,2.0,0.0,0.0,5,0.0,20.0,0.0,105581,"방어 액세서리",0.0,0.0,0.0,1.2,"정령왕의 수호석",0.0,0.0
0.0,12.0,0.0,0.0,0.0,2.4,0.0,0.0,5,0.0,0.0,0.0,105582,"방어 액세서리",0.4,0.0,0.0,1.6,"인어공주의 눈물",0.0,0.0
0.0,0.0,0.0,0.0,0.0,2.0,0.0,0.0,5,0.0,0.0,0.4,105583,"방어 액세서리",0.0,0.0,0.0,2.0,"영순왕의 팔찌",0.0,0.0
0.0,0.0,0.0,0.0,0.0,2.0,0.0,0.0,5,0.0,20.0,0.0,105584,"방어 액세서리",0.0,0.0,0.0,2.4,"해룡신의 머리장식",0.0,0.0
0.0,10.0,0.0,0.0,0.0,2.8,0.0,0.0,5,0.0,0.0,0.0,105585,"방어 액세서리",0.0,0.0,0.0,1.8,"방패의 월 브레스",0.0,0.0
0.0,12.0,0.0,0.0,0.0,1.8,0.0,0.0,5,0.6,0.0,0.0,105586,"방어 액세서리",0.0,0.0,0.0,2.2,"엘핀 초커",0.0,0.0
0.0,0.0,0.0,0.0,0.0,2.6,0.0,0.0,5,0.0,0.0,0.0,105587,"방어 액세서리",0.0,0.0,0.0,2.6,"취주의 하프 브로치",0.0,0.0
0.0,0.0,0.0,15.6,1.6,0.0,0.0,0.0,5,0.0,0.0,0.6,105611,"마법 액세서리",0.0,0.0,0.0,0.0,"해신의 귀걸이",0.0,0.0
0.0,28.0,0.0,16.8,2.0,0.0,0.0,0.0,5,0.0,0.0,0.0,105612,"마법 액세서리",0.0,0.0,0.0,0.0,"성수의 기원",0.0,0.0
0.0,0.0,0.0,18.4,2.8,0.0,0.0,0.0,5,0.0,24.0,0.0,105613,"마법 액세서리",0.0,0.0,0.0,0.0,"소포스 브레이슬릿",0.0,0.0
0.0,6.0,0.0,19.6,3.2,0.0,0.0,0.0,5,0.0,0.0,0.0,105614,"마법 액세서리",0.0,0.0,0.0,0.0,"얼음공주의 리본",0.0,0.0
0.0,0.0,0.0,20.2,4.0,0.0,0.0,0.0,5,0.0,0.0,0.0,105615,"마법 액세서리",0.0,0.0,0.0,0.0,"심결정 제노 크리스탈",0.0,0.0
0.0,0.0,0.0,20.6,3.0,0.0,0.0,0.0,5,0.0,0.0,0.0,105616,"마법 액세서리",0.0,0.0,0.0,0.0,"카오틱 초커",0.0,2.0
0.0,0.0,0.0,21.0,5.0,0.0,0.0,0.0,5,0.0,0.0,0.0,105617,"마법 액세서리",0.0,0.0,0.0,0.0,"창야의 녹턴 브로치",0.0,0.0
0.0,31.0,4.2,0.0,0.0,0.0,0.0,0.0,6,0.0,0.0,0.0,106011,"검",0.0,38.2,0.0,0.0,"휘광검 아다만트",0.0,0.0
0.0,15.0,4.0,0.0,0.0,0.0,0.0,0.0,6,0.0,0.0,0.0,106012,"검",0.0,43.2,0.0,0.0,"초콜릿 스틱 블레이드",0.0,0.0
0.0,11.0,3.6,0.0,0.0,0.0,0.0,0.0,6,0.0,0.0,0.0,106013,"검",0.0,47.0,0.0,0.0,"염천적일의 검",0.0,0.0
0.0,0.0,5.2,0.0,0.0,0.0,0.0,0.0,6,0.0,0.0,0.0,106041,"도",0.0,41.2,0.0,0.0,"홍옥도 스칼렛 문",0.0,0.0
0.0,0.0,7.4,0.0,0.0,0.0,0.0,0.0,6,0.0,0.0,0.0,106042,"도",0.0,43.2,0.0,0.0,"소프타이스 슈베르트",0.0,0.0
0.0,0.0,7.8,0.0,0.0,0.0,0.0,0.0,6,0.0,0.0,0.0,106043,"도",0.0,43.0,1.0,0.0,"훈풍화산",0.0,0.0
0.0,0.0,8.4,0.0,0.0,0.0,0.0,0.0,6,0.0,0.0,0.0,106071,"단검",0.0,39.6,0.0,0.0,"취풍인 에메랄드 엣지",0.0,0.0
0.0,50.0,3.0,0.0,0.0,0.0,0.0,0.0,6,0.0,0.0,0.0,106072,"단검",0.0,39.8,0.0,0.0,"초콜릿 바나나 대거",0.0,0.0
0.0,0.0,2.4,0.0,0.0,0.0,0.0,0.0,6,1.0,0.0,0.0,106073,"단검",0.0,42.4,0.0,0.0,"보라색 안개의 단검",0.0,0.0
0.0,0.0,6.0,0.0,0.0,0.4,0.0,0.0,6,0.0,0.0,0.0,106101,"권",0.0,34.8,0.0,0.8,"오팔 스퍼지 피스트",0.0,0.0
0.0,0.0,0.0,0.0,0.0,0.4,0.0,0.0,6,0.0,0.0,0.0,106102,"권",0.0,45.0,0.0,0.0,"슈 너클",0.0,0.0
0.0,0.0,0.0,0.0,0.0,1.2,0.0,0.0,6,0.0,0.0,0.0,106103,"권",0.0,44.0,0.0,0.0,"모래 먼지 폭포의 장갑",0.0,0.0
0.0,0.0,0.0,0.0,0.0,1.0,0.0,0.0,6,0.0,0.0,0.0,106131,"활",0.0,28.8,0.0,2.0,"창신활 머시 사피로스",0.0,0.0
0.0,0.0,0.0,0.0,0.0,0.0,0.0,0.0,6,0.0,0.0,0.0,106132,"활",0.0,39.0,0.0,1.6,"캔디 슈거 보우",0.0,0.0
0.0,0.0,1.6,0.0,0.0,0.0,0.0,0.0,6,0.0,0.0,0.0,106133,"활",0.0,39.2,0.0,2.0,"백우의 유전궁",0.0,0.0
0.0,0.0,0.0,0.0,0.0,0.0,0.0,0.0,6,0.0,0.0,0.0,106161,"창",0.0,39.8,0.0,0.8,"크리스타로스 스파이크",0.0,0.0
0.0,0.0,0.0,0.0,0.0,1.4,0.0,0.0,6,0.0,0.0,0.0,106162,"창",0.0,40.0,0.0,0.0,"쇼콜라트 랜스",0.0,0.0
0.0,0.0,2.0,0.0,0.0,0.6,0.0,0.0,6,0.0,0.0,0.0,106163,"창",0.0,43.0,0.0,0.6,"신뢰일섬의 창",0.0,0.0
0.0,0.0,0.0,0.0,0.0,0.0,0.0,0.0,6,0.0,0.0,0.0,106191,"도끼",0.0,43.8,0.0,0.0,"황동의 열전 도끼",0.0,0.0
0.0,0.0,0.0,0.0,0.0,0.0,0.0,0.0,6,0.0,0.0,0.0,106192,"도끼",0.0,47.0,0.0,0.0,"크레이프 액스",0.0,0.0
0.0,0.0,0.0,0.0,0.0,0.0,0.0,0.0,6,0.0,0.0,0.0,106193,"도끼",0.0,48.6,0.0,0.0,"극천의 빛을 띤 도끼",0.0,1.8
0.0,0.0,0.0,38.0,5.8,0.0,0.0,0.0,6,0.0,0.0,0.0,106221,"공격 지팡이",0.0,0.0,0.0,0.0,"흑진주의 암옥 지팡이",0.0,0.0
0.0,0.0,0.0,40.4,6.6,0.0,0.0,0.0,6,0.0,0.0,0.0,106222,"공격 지팡이",0.0,0.0,0.0,0.0,"롤리팝 스틱",0.0,0.0
0.0,0.0,0.0,42.8,7.2,0.0,0.0,0.0,6,0.0,0.0,0.0,106223,"공격 지팡이",0.0,0.0,0.0,0.0,"달밤의 초승달 지팡이",0.0,0.0
0.0,69.0,0.0,29.0,0.0,0.6,0.0,0.0,6,0.0,0.0,0.0,106251,"회복 지팡이",0.0,0.0,0.0,0.8,"백진주의 광천 지팡이",0.0,0.0
0.0,35.0,0.0,30.0,0.0,1.2,0.0,0.0,6,0.0,0.0,0.0,106252,"회복 지팡이",0.0,0.0,0.0,1.4,"트리플 아이스 로드",0.0,0.0
0.0,50.0,0.0,28.4,0.0,1.4,0.0,0.0,6,0.0,0.0,0.0,106253,"회복 지팡이",0.0,0.0,0.0,1.8,"빙설화정의 지팡이",0.0,0.0
0.0,0.0,0.0,0.0,0.0,1.8,0.0,0.0,6,0.0,0.0,0.0,106281,"경갑옷",0.0,15.6,0.0,1.4,"백금으로 빛나는 비늘 갑주",0.0,0.0
0.0,0.0,0.0,0.0,0.0,2.6,0.0,0.0,6,0.0,0.0,0.0,106282,"경갑옷",0.0,15.8,0.0,1.0,"초콜릿 메일",0.0,0.0
0.0,0.0,2.0,0.0,0.0,1.2,0.0,0.0,6,0.0,0.0,0.0,106283,"경갑옷",0.0,24.0,0.0,1.0,"초저녁 벚꽃의 자색 갑주",0.0,0.0
0.0,37.0,0.0,0.0,0.0,2.8,0.0,0.0,6,0.0,0.0,0.0,106311,"중갑옷",0.0,0.0,0.0,2.2,"순금 성조중갑",0.0,3.0
0.0,32.0,0.0,0.0,0.0,3.0,0.0,0.0,6,0.0,0.0,0.0,106312,"중갑옷",0.0,0.0,0.0,2.4,"로제 스트로베리 아머",0.0,4.0
0.0,43.0,0.0,0.0,0.0,3.2,0.0,0.0,6,0.0,0.0,0.0,106313,"중갑옷",0.0,0.0,0.0,2.4,"벚꽃의 팔겹 갑주",0.0,4.0
0.0,0.0,2.0,0.0,0.0,0.8,0.0,0.0,6,0.0,0.0,0.0,106341,"옷",0.0,22.6,0.0,0.8,"핑크 코럴 드레스",0.0,0.0
0.0,0.0,0.0,0.0,0.0,1.2,0.0,0.0,6,0.0,0.0,0.0,106342,"옷",0.0,21.8,0.0,1.2,"팬시 마카롱 드레스",0.0,0.0
0.0,0.0,2.0,0.0,0.0,1.4,0.0,0.0,6,0.0,0.0,0.0,106343,"옷",0.0,22.0,0.0,1.2,"연분홍 벚꽃의 성의",0.0,0.0
0.0,0.0,0.0,17.4,2.0,1.0,0.0,0.0,6,0.0,0.0,0.0,106371,"마도복",0.0,0.0,0.0,1.4,"흑마노의 기장의",0.0,0.0
0.0,0.0,0.0,9.8,0.0,2.0,0.0,0.0,6,0.0,0.0,0.0,106372,"마도복",0.0,0.0,0.0,2.8,"매직 팬케이크 로브",0.0,0.0
0.0,0.0,0.0,20.0,2.0,1.2,0.0,0.0,6,0.0,0.0,0.0,106373,"마도복",0.0,0.0,0.0,1.6,"백설 벚꽃의 마장",0.0,0.0
0.0,0.0,0.0,0.0,0.0,2.4,0.0,0.0,6,0.0,0.0,0.0,106401,"방패",0.0,7.4,0.0,2.4,"아이올라이트 실드",0.0,0.0
0.0,0.0,0.0,0.0,0.0,2.2,0.0,0.0,6,0.0,0.0,0.0,106431,"신발",0.0,4.8,0.0,3.6,"초콜릿 민트 아이스 구두",0.0,0.0
0.0,25.0,0.0,8.6,0.0,1.6,0.0,0.0,6,0.0,0.0,0.0,106461,"마법 신발",0.0,0.0,0.0,2.4,"문 크리스탈 구두",0.0,0.0
0.0,35.0,0.0,10.0,0.0,1.8,0.0,0.0,6,0.0,0.0,0.0,106462,"마법 신발",0.0,0.0,0.0,2.6,"벚꽃 흩날리는 편상화",0.0,0.0
0.0,0.0,0.0,0.0,0.0,2.2,0.0,0.0,6,0.0,0.0,0.0,106491,"모자",0.0,6.2,0.0,3.8,"지지않는 벚꽃의 챙모자",0.0,0.0
0.0,0.0,0.0,24.4,2.4,0.8,0.0,0.0,6,0.0,0.0,0.0,106521,"마법 모자",0.0,0.0,0.0,0.6,"시트 타르트 베레모",0.0,0.0
0.0,19.0,8.0,0.0,0.0,0.0,0.0,0.0,6,0.0,0.0,0.0,106551,"공격 액세서리",0.0,24.8,0.0,0.0,"신홍 반지 루비 로즈",0.0,0.0
0.0,20.0,8.2,0.0,0.0,0.0,0.0,0.0,6,0.0,0.0,0.0,106552,"공격 액세서리",0.0,27.4,0.0,0.0,"팝콘 목걸이",0.0,0.0
0.0,18.0,8.8,0.0,0.0,0.0,0.0,0.0,6,0.0,0.0,0.0,106553,"공격 액세서리",0.0,30.0,0.0,0.0,"옥천의 귀걸이",0.0,0.0
0.0,0.0,0.0,0.0,0.0,3.0,0.0,0.0,6,0.0,19.0,0.0,106581,"방어 액세서리",0.0,0.0,0.0,3.0,"상반의 녹환",0.0,0.0
0.0,7.0,0.0,0.0,0.0,3.4,0.0,0.0,6,0.0,0.0,0.0,106582,"방어 액세서리",0.0,0.0,0.0,3.2,"마카롱 펜던트",0.0,0.0
0.0,22.0,0.0,0.0,0.0,3.4,0.0,0.0,6,0.0,0.0,0.0,106583,"방어 액세서리",0.0,0.0,0.0,3.4,"회오리바람 귀걸이",0.0,0.0
0.0,0.0,0.0,26.4,4.8,0.0,0.0,0.0,6,0.0,0.0,0.0,106611,"마법 액세서리",0.0,0.0,0.0,0.0,"백성석 다이아몬드 스타",0.0,0.0
0.0,0.0,0.0,26.8,7.0,0.0,0.0,0.0,6,0.0,0.0,0.0,106612,"마법 액세서리",0.0,0.0,0.0,0.0,"도넛 초커",0.0,0.0
0.0,0.0,0.0,28.0,7.2,0.0,0.0,0.0,6,0.0,20.0,0.0,106613,"마법 액세서리",0.0,0.0,0.0,0.0,"단비 귀걸이",0.0,0.0
0.0,8.0,3.6,0.0,0.0,0.0,0.0,0.0,7,0.0,0.0,0.0,107011,"검",0.0,53.6,0.0,0.0,"체리 블로섬",0.0,0.0
0.0,17.0,3.2,0.0,0.0,0.0,0.0,0.0,7,0.0,0.0,0.0,107012,"검",0.0,56.2,0.0,0.0,"클리오네 블레이드",0.0,0.0
0.0,34.0,2.8,0.0,0.0,0.0,0.0,0.0,7,0.0,0.0,0.0,107013,"검",0.0,57.2,0.0,0.0,"라이엇 스파이크",0.0,0.0
0.0,0.0,8.4,0.0,0.0,0.0,0.0,0.0,7,0.0,0.0,0.0,107041,"도",0.0,52.0,0.0,0.0,"소도영앵",0.0,0.0
0.0,0.0,6.2,0.0,0.0,1.0,0.0,0.0,7,0.0,0.0,0.0,107042,"도",0.0,51.6,0.0,0.0,"오르카 소드",0.0,0.0
0.0,0.0,6.2,0.0,0.0,0.0,0.0,0.0,7,0.0,0.0,0.0,107043,"도",0.0,59.4,0.0,0.0,"체인 퓨리 소드",0.0,0.0
0.0,13.0,8.0,0.0,0.0,0.0,0.0,0.0,7,0.0,0.0,0.0,107071,"단검",0.0,50.8,0.0,0.0,"체리 페탈 대거",0.0,0.0
0.0,0.0,8.2,0.0,0.0,0.0,0.0,0.0,7,0.0,0.0,0.0,107072,"단검",0.0,55.6,0.0,0.0,"샤크 대거",0.0,0.0
0.0,0.0,7.0,0.0,0.0,0.0,0.0,0.0,7,0.0,0.0,0.0,107073,"단검",0.0,59.0,0.0,0.0,"선더 펑크 대거",0.0,0.0
0.0,24.0,0.0,0.0,0.0,0.8,0.0,0.0,7,0.0,0.0,0.0,107101,"권",0.0,49.6,0.0,0.0,"벚꽃 장갑",0.0,0.0
0.0,0.0,0.0,0.0,0.0,1.2,0.0,0.0,7,0.0,0.0,0.0,107102,"권",0.0,47.8,0.0,1.2,"터틀 건틀릿",0.0,0.0
0.0,0.0,0.0,0.0,0.0,0.0,0.0,0.0,7,0.0,0.0,0.0,107103,"권",0.0,62.4,0.0,0.0,"너클 냥스터",0.0,0.0
0.0,0.0,0.0,0.0,0.0,1.0,0.0,0.0,7,0.0,0.0,0.0,107131,"활",0.0,46.2,0.0,1.0,"늘어진 벚꽃 활",0.0,0.0
0.0,0.0,3.0,0.0,0.0,0.0,0.0,0.0,7,0.0,0.0,0.0,107132,"활",0.0,51.2,0.0,1.4,"클라운 피시 보우",0.0,0.0
0.0,0.0,3.4,0.0,0.0,0.4,0.0,0.0,7,0.0,0.0,0.0,107133,"활",0.0,52.8,0.0,1.2,"크라임 헌트 보우",0.0,0.0
0.0,0.0,0.0,0.0,0.0,0.6,0.0,0.0,7,0.0,0.0,0.0,107161,"창",0.0,44.2,0.0,1.8,"지는 벚꽃의 삽창",0.0,0.0
0.0,0.0,0.0,0.0,0.0,2.0,0.0,0.0,7,0.0,0.0,0.0,107162,"창",0.0,45.8,0.0,0.8,"크랩 시저 스피어",0.0,0.0
0.0,0.0,0.0,0.0,0.0,1.8,0.0,0.0,7,0.0,0.0,0.0,107163,"창",0.0,49.4,0.0,0.8,"스컬 고딕 랜스",0.0,0.0
0.0,0.0,0.0,0.0,0.0,0.0,0.0,0.0,7,0.0,0.0,0.0,107191,"도끼",0.0,56.2,0.0,0.0,"벚꽃 베는 도끼",0.0,0.0
0.0,51.0,0.0,0.0,0.0,0.0,0.0,0.0,7,0.0,0.0,0.0,107192,"도끼",0.0,54.0,0.0,0.0,"웨일 액스",0.0,0.0
0.0,48.0,5.0,0.0,0.0,0.0,0.0,0.0,7,0.0,0.0,0.0,107193,"도끼",0.0,54.6,0.0,0.0,"스컬 고딕 랜스",0.0,0.0
0.0,0.0,0.0,45.8,10.4,0.0,0.0,0.0,7,0.0,0.0,0.0,107221,"공격 지팡이",0.0,0.0,0.0,0.0,"체리시 로드",0.0,0.0
0.0,0.0,0.0,50.4,9.4,0.0,0.0,0.0,7,0.0,0.0,0.0,107222,"공격 지팡이",0.0,0.0,0.0,0.0,"주얼 쉘 로드",0.0,0.0
0.0,0.0,0.0,55.4,7.0,0.0,0.0,0.0,7,0.0,0.0,0.0,107223,"공격 지팡이",0.0,0.0,0.0,0.0,"패드락 셉터",0.0,0.0
0.0,10.0,0.0,40.2,0.0,1.2,0.0,0.0,7,0.0,0.0,0.0,107251,"회복 지팡이",0.0,0.0,0.0,1.8,"벚꽃 무용 지팡이",0.0,0.0
0.0,64.0,0.0,38.6,0.0,1.2,0.0,0.0,7,0.0,0.0,0.0,107252,"회복 지팡이",0.0,0.0,0.0,1.6,"젤리피시 로드",0.0,0.0
0.0,84.0,0.0,42.0,0.0,0.8,0.0,0.0,7,0.0,0.0,0.0,107253,"회복 지팡이",0.0,0.0,0.0,1.4,"펑크 프린세스 로드",0.0,0.0
0.0,0.0,3.6,0.0,0.0,2.2,0.0,0.0,7,0.0,0.0,0.0,107281,"경갑옷",0.0,28.0,0.0,1.6,"서머 라이트 비키니 아머",0.0,0.0
0.0,0.0,4.4,0.0,0.0,2.2,0.0,0.0,7,0.0,0.0,0.0,107282,"경갑옷",0.0,29.6,0.0,1.8,"고딕 드레이프 아머",0.0,0.0
0.0,0.0,4.4,0.0,0.0,2.0,0.0,0.0,7,0.0,0.0,0.0,107283,"경갑옷",0.0,29.8,0.0,2.6,"퓨어 스노우 메일",0.0,0.0
0.0,68.0,0.0,0.0,0.0,4.0,0.0,0.0,7,0.0,0.0,0.0,107311,"중갑옷",0.0,0.0,0.0,3.6,"비치 플로터 메일",0.0,4.0
0.0,86.0,0.0,0.0,0.0,4.4,0.0,0.0,7,0.0,0.0,0.0,107312,"중갑옷",0.0,0.0,0.0,4.0,"고딕 메이든",0.0,0.0
0.0,80.0,0.0,0.0,0.0,5.2,0.0,0.0,7,0.0,0.0,0.0,107313,"중갑옷",0.0,0.0,0.0,4.0,"크리스탈 아이스 메일",0.0,0.0
0.0,0.0,0.0,0.0,0.0,1.8,0.0,0.0,7,0.0,0.0,0.0,107341,"옷",0.0,32.8,0.0,1.4,"나팔꽃 여름 그늘 유카타",0.0,0.0
0.0,0.0,0.0,0.0,0.0,3.0,0.0,0.0,7,0.0,0.0,0.0,107342,"옷",0.0,24.8,0.0,2.4,"펑키시 걸",0.0,0.0
0.0,64.0,0.0,0.0,0.0,1.6,0.0,0.0,7,0.0,0.0,0.0,107343,"옷",0.0,29.8,0.0,2.0,"화이트 오로라 드레스",0.0,0.0
0.0,0.0,0.0,33.4,3.4,1.0,0.0,0.0,7,0.0,0.0,0.0,107371,"마도복",0.0,0.0,0.0,1.4,"파라솔 원피스",0.0,0.0
0.0,0.0,0.0,33.8,4.0,1.2,0.0,0.0,7,0.0,0.0,0.0,107372,"마도복",0.0,0.0,0.0,1.6,"고딕 블루 로즈",0.0,0.0
0.0,0.0,0.0,36.4,3.6,1.2,0.0,0.0,7,0.0,0.0,0.0,107373,"마도복",0.0,0.0,0.0,1.8,"다이아몬드 더스트 로브",0.0,0.0
0.0,69.0,0.0,16.0,0.0,2.4,0.0,0.0,7,0.0,0.0,0.0,107461,"마법 신발",0.0,0.0,0.0,2.6,"히비스커스 샌들",0.0,0.0
0.0,75.0,0.0,16.4,0.0,2.6,0.0,0.0,7,0.0,0.0,0.0,107462,"마법 신발",0.0,0.0,0.0,2.8,"스터즈드 블랙",0.0,0.0
0.0,92.0,0.0,16.6,0.0,2.6,0.0,0.0,7,0.0,0.0,0.0,107463,"마도복",0.0,0.0,0.0,3.0,"프로스트 칼럼 힐",0.0,0.0
0.0,0.0,0.0,0.0,0.0,1.2,0.0,0.0,7,0.0,0.0,0.0,107491,"모자",0.0,36.8,0.0,1.2,"선플라워 스트로 햇",0.0,0.0
0.0,0.0,0.0,0.0,0.0,1.0,0.0,0.0,7,0.0,0.0,0.0,107492,"모자",0.0,38.8,0.0,1.6,"피어스드 블랙",0.0,0.0
0.0,105.0,0.0,0.0,0.0,0.0,0.0,0.0,7,0.0,0.0,0.0,107493,"모자",0.0,43.0,0.0,0.0,"스노우 플레이크 베레",0.0,0.0
0.0,0.0,6.0,0.0,0.0,0.0,0.0,0.0,7,0.0,0.0,0.0,107551,"공격 액세서리",0.0,42.0,0.0,0.0,"앵무의 겹꽃 비녀",0.0,0.0
0.0,18.0,2.2,0.0,0.0,0.0,0.0,0.0,7,0.0,0.0,0.0,107552,"공격 액세서리",0.0,45.0,0.0,0.0,"루비 히비스커스 머리 장식",0.0,0.0
0.0,0.0,3.6,0.0,0.0,0.0,0.0,0.0,7,0.0,0.0,0.0,107553,"공격 액세서리",0.0,49.4,0.0,0.0,"펑크 니들 뱅글",0.0,0.0
0.0,63.0,0.0,0.0,0.0,3.8,0.0,0.0,7,0.0,0.0,0.0,107581,"방어 액세서리",0.0,0.0,0.0,3.8,"벚꽃 달밤 비녀",0.0,0.0
0.0,0.0,0.0,0.0,0.0,4.8,0.0,0.0,7,0.0,0.0,0.0,107582,"방어 액세서리",0.0,0.0,0.0,4.8,"펄 코코넛 머리 장식",0.0,0.0
0.0,0.0,0.0,0.0,0.0,5.2,0.0,0.0,7,0.0,0.0,0.0,107583,"방어 액세서리",0.0,0.0,0.0,5.0,"에메랄드 고딕 뱅글",0.0,0.0
0.0,0.0,0.0,39.0,6.0,0.0,0.0,0.0,7,0.0,0.0,0.0,107611,"마법 액세서리",0.0,0.0,0.0,0.0,"선앵의 축잠",0.0,0.0
0.0,0.0,0.0,40.2,0.0,0.0,0.0,0.0,7,0.0,0.0,0.0,107612,"마법 액세서리",0.0,0.0,0.0,1.6,"오팔 조개 머리 장식",0.0,0.0
0.0,0.0,0.0,48.2,3.0,0.0,0.0,0.0,7,0.0,0.0,0.0,107613,"마법 액세서리",0.0,0.0,0.0,0.0,"락킹 체인 뱅글",0.0,0.0
0.0,20.0,3.6,0.0,0.0,0.0,0.0,0.0,8,0.0,0.0,0.0,108011,"검",0.0,66.0,0.0,0.0,"빙휘검 글래스 블레이드",0.0,0.0
0.0,20.0,2.4,0.0,0.0,0.0,0.0,0.0,8,0.0,0.0,0.0,108012,"검",0.0,70.4,0.0,0.0,"음계검 그란데 피아니오스",0.0,0.0
0.0,40.0,0.6,0.0,0.0,0.0,0.0,0.0,8,0.0,0.0,0.0,108013,"검",0.0,72.8,0.0,0.0,"오아시스 가드 블레이드",0.0,0.0
0.0,40.0,0.6,0.0,0.0,0.0,0.0,0.0,8,0.0,0.0,0.0,108014,"검",0.0,76.4,0.0,0.0,"로즈 임페리얼 소드",0.0,0.0
0.0,8.0,4.6,0.0,0.0,0.0,0.0,0.0,8,0.0,0.0,0.0,108041,"도",0.0,66.8,0.0,0.0,"빙설도 글라키 엣지",0.0,0.0
0.0,8.0,3.2,0.0,0.0,0.0,0.0,0.0,8,0.0,0.0,0.0,108042,"도",0.0,71.2,0.0,0.0,"창음도 겔트너",0.0,0.0
0.0,10.0,0.8,0.0,0.0,0.0,0.0,0.0,8,0.0,0.0,0.0,108043,"도",0.0,76.0,0.0,0.0,"퀵 샌드 샴 씰",0.0,0.0
0.0,10.0,0.8,0.0,0.0,0.0,0.0,0.0,8,0.0,0.0,0.0,108044,"도",0.0,79.8,0.0,0.0,"크루엘 로즈 블레이드",0.0,0.0
0.0,0.0,6.0,0.0,0.0,0.0,0.0,0.0,8,0.0,0.0,0.0,108071,"단검",0.0,67.0,0.0,0.0,"빙아 스틸리어 대거",0.0,0.0
0.0,0.0,4.0,0.0,0.0,0.0,0.0,0.0,8,0.0,0.0,0.0,108072,"단검",0.0,71.8,0.0,0.0,"각음날 크래프트 온",0.0,0.0
0.0,0.0,1.0,0.0,0.0,0.0,0.0,0.0,8,0.0,0.0,0.0,108073,"단검",0.0,77.0,0.0,0.0,"다크 데저트 엣지",0.0,0.0
0.0,0.0,1.0,0.0,0.0,0.0,0.0,0.0,8,0.0,0.0,0.0,108074,"단검",0.0,80.8,0.0,0.0,"쏜 오브 로지스",0.0,0.0
0.0,0.0,0.0,0.0,0.0,0.0,0.0,0.0,8,0.0,0.0,0.0,108101,"권",0.0,70.0,0.0,0.0,"빙괴권 글라세 너클",0.0,0.0
0.0,0.0,0.0,0.0,0.0,0.0,0.0,0.0,8,0.0,0.0,0.0,108102,"권",0.0,73.8,0.0,0.0,"규명권 바이올라 피스트",0.0,0.0
0.0,0.0,0.0,0.0,0.0,0.0,0.0,0.0,8,0.0,0.0,0.0,108103,"권",0.0,77.6,0.0,0.0,"헤리티지 자마다르",0.0,0.0
0.0,0.0,0.0,0.0,0.0,0.0,0.0,0.0,8,0.0,0.0,0.0,108104,"권",0.0,81.2,0.0,0.0,"로즈 페탈 너클",0.0,0.0
0.0,0.0,2.8,0.0,0.0,0.0,0.0,0.0,8,0.0,0.0,0.0,108131,"활",0.0,64.6,0.0,0.8,"빙성궁 콘헬라시온",0.0,0.0
0.0,0.0,2.0,0.0,0.0,0.0,0.0,0.0,8,0.0,0.0,0.0,108132,"활",0.0,69.8,0.0,0.6,"교음궁 스네어 아크",0.0,0.0
0.0,0.0,0.4,0.0,0.0,0.0,0.0,0.0,8,0.0,0.0,0.0,108133,"활",0.0,75.4,0.0,0.4,"오리엔탈 허리케인 보우",0.0,0.0
0.0,0.0,0.8,0.0,0.0,0.0,0.0,0.0,8,0.0,0.0,0.0,108134,"활",0.0,81.0,0.0,0.0,"벨 알크로제",0.0,0.0
0.0,0.0,0.0,0.0,0.0,1.2,0.0,0.0,8,0.0,0.0,0.0,108161,"창",0.0,64.0,0.0,0.0,"빙천창 스노우 스톰",0.0,0.0
0.0,0.0,0.0,0.0,0.0,1.0,0.0,0.0,8,0.0,0.0,0.0,108162,"창",0.0,68.8,0.0,0.0,"인중창 트롬 스피어",0.0,0.0
0.0,0.0,0.0,0.0,0.0,0.4,0.0,0.0,8,0.0,0.0,0.0,108163,"창",0.0,75.6,0.0,0.0,"윈드 레거시 스피어",0.0,0.0
0.0,0.0,0.0,0.0,0.0,0.4,0.0,0.0,8,0.0,0.0,0.0,108164,"창",0.0,79.2,0.0,0.0,"랜스 오브 커롤러",0.0,0.0
0.0,14.0,0.0,0.0,0.0,0.0,0.0,0.0,8,0.0,0.0,0.0,108191,"도끼",0.0,68.4,0.0,0.0,"빙괴부 리오트 액스",0.0,0.0
0.0,14.0,0.0,0.0,0.0,0.0,0.0,0.0,8,0.0,0.0,0.0,108192,"도끼",0.0,72.2,0.0,0.0,"보천음 도끼 버스터 호른",0.0,0.0
0.0,20.0,0.0,0.0,0.0,0.0,0.0,0.0,8,0.0,0.0,0.0,108193,"도끼",0.0,75.2,0.0,0.0,"오아시스 파어스",0.0,0.0
0.0,20.0,0.0,0.0,0.0,0.0,0.0,0.0,8,0.0,0.0,0.0,108194,"도끼",0.0,79.0,0.0,0.0,"로즈 크러셔 액스",0.0,0.0
0.0,0.0,0.0,64.4,5.6,0.0,0.0,0.0,8,0.0,0.0,0.0,108221,"공격 지팡이",0.0,0.0,0.0,0.0,"빙설장 파고스 완드",0.0,0.0
0.0,0.0,0.0,70.0,3.8,0.0,0.0,0.0,8,0.0,0.0,0.0,108222,"공격 지팡이",0.0,0.0,0.0,0.0,"절대음 지팡이 아코디아",0.0,0.0
0.0,0.0,0.0,76.4,1.2,0.0,0.0,0.0,8,0.0,0.0,0.0,108223,"공격 지팡이",0.0,0.0,0.0,0.0,"에인션트 샌드 완드",0.0,0.0
0.0,0.0,0.0,80.0,1.2,0.0,0.0,0.0,8,0.0,0.0,0.0,108224,"공격 지팡이",0.0,0.0,0.0,0.0,"로즈 스테이맨 완드",0.0,0.0
0.0,54.0,0.0,53.0,0.0,1.0,0.0,0.0,8,0.0,0.0,0.0,108251,"회복 지팡이",0.0,0.0,0.0,1.2,"빙수장 프로스트 스태프",0.0,0.0
0.0,54.0,0.0,58.6,0.0,0.8,0.0,0.0,8,0.0,0.0,0.0,108252,"회복 지팡이",0.0,0.0,0.0,1.0,"자선장 알테마 클라리온",0.0,0.0
0.0,54.0,0.0,66.4,0.0,0.4,0.0,0.0,8,0.0,0.0,0.0,108253,"회복 지팡이",0.0,0.0,0.0,0.6,"데저트 레인 케인",0.0,0.0
0.0,60.0,0.0,70.4,0.0,0.4,0.0,0.0,8,0.0,0.0,0.0,108254,"회복 지팡이",0.0,0.0,0.0,0.4,"로즈 피스틸 스태프",0.0,0.0
0.0,0.0,3.4,0.0,0.0,2.2,0.0,0.0,8,0.0,0.0,0.0,108281,"경갑옷",0.0,35.2,0.0,2.8,"건반주 갑옷 쳄발로",0.0,0.0
0.0,0.0,1.8,0.0,0.0,1.6,0.0,0.0,8,0.0,0.0,0.0,108282,"경갑옷",0.0,43.4,0.0,2.6,"데저트 크로스 메일",0.0,0.0
0.0,0.0,1.8,0.0,0.0,1.4,0.0,0.0,8,0.0,0.0,0.0,108283,"경갑옷",0.0,51.8,0.0,1.8,"로즈 엠프리스 메일",0.0,0.0
0.0,0.0,1.8,0.0,0.0,1.8,0.0,0.0,8,0.0,0.0,0.0,108284,"경갑옷",0.0,53.2,0.0,1.8,"데몬즈 페인 메일",0.0,0.0
0.0,123.0,0.0,0.0,0.0,5.4,0.0,0.0,8,0.0,0.0,0.0,108311,"중갑옷",0.0,0.0,0.0,4.2,"중주 갑옷 브라스 호른",0.0,0.0
0.0,269.0,0.0,0.0,0.0,3.0,0.0,0.0,8,0.0,0.0,0.0,108312,"중갑옷",0.0,0.0,0.0,4.0,"오아시스 블루 플레이트",0.0,0.0
0.0,362.0,0.0,0.0,0.0,2.4,0.0,0.0,8,0.0,0.0,0.0,108313,"중갑옷",0.0,0.0,0.0,3.2,"로즈 데임 플레이트",0.0,0.0
0.0,375.0,0.0,0.0,0.0,3.0,0.0,0.0,8,0.0,0.0,0.0,108314,"중갑옷",0.0,0.0,0.0,3.0,"데몬즈 바인드 아머",0.0,0.0
0.0,64.0,0.0,0.0,0.0,1.2,0.0,0.0,8,0.0,0.0,0.0,108342,"옷",0.0,43.2,0.0,1.8,"데저트 셰이드 크로스",0.0,0.0
0.0,64.0,0.0,0.0,0.0,1.0,0.0,0.0,8,0.0,0.0,0.0,108343,"옷",0.0,49.6,0.0,1.4,"로즈 프리 에스티스 드레스",0.0,0.0
0.0,0.0,0.0,44.8,2.0,1.2,0.0,0.0,8,0.0,0.0,0.0,108371,"마도복",0.0,0.0,0.0,1.8,"보창장 무지카 스코어",0.0,0.0
0.0,0.0,0.0,53.4,1.0,1.0,0.0,0.0,8,0.0,0.0,0.0,108372,"마도복",0.0,0.0,0.0,1.2,"오리엔트 브리즈 로브",0.0,0.0
0.0,0.0,0.0,56.8,1.0,1.0,0.0,0.0,8,0.0,0.0,0.0,108373,"마도복",0.0,0.0,0.0,1.2,"로즈 바로니스 드레스",0.0,0.0
0.0,0.0,0.0,59.2,1.0,1.2,0.0,0.0,8,0.0,0.0,0.0,108374,"마도복",0.0,0.0,0.0,1.2,"커스드 데몬즈 로브",0.0,0.0
0.0,52.0,0.0,0.0,0.0,2.6,0.0,0.0,8,0.0,0.0,0.0,108401,"방패",0.0,30.0,0.0,2.6,"중원주 호플론 심벌즈",0.0,0.0
0.0,52.0,0.0,0.0,0.0,2.6,0.0,0.0,8,0.0,0.0,0.0,108403,"방패",0.0,37.0,0.0,2.6,"블루 로즈 실드",0.0,0.0
0.0,0.0,0.0,0.0,0.0,1.2,0.0,0.0,8,0.0,0.0,0.0,108431,"신발",0.0,46.8,0.0,1.8,"무봉주 알 펌프스",0.0,0.0
0.0,0.0,0.0,0.0,0.0,1.0,0.0,0.0,8,0.0,0.0,0.0,108434,"신발",0.0,62.2,0.0,1.0,"디아블로 스카르페",0.0,0.0
0.0,92.0,0.0,40.0,0.0,1.2,0.0,0.0,8,0.0,0.0,0.0,108462,"마법 신발",0.0,0.0,0.0,1.8,"오아시스 아하르디아",0.0,0.0
0.0,105.0,0.0,0.0,0.0,0.0,0.0,0.0,8,0.0,0.0,0.0,108492,"모자",0.0,53.4,0.0,0.0,"데저트 윈드 터번",0.0,0.0
0.0,105.0,0.0,0.0,0.0,0.0,0.0,0.0,8,0.0,0.0,0.0,108494,"모자",0.0,60.4,0.0,0.0,"밸리언트 데몬즈 혼",0.0,0.0
0.0,0.0,0.0,47.8,0.0,1.2,0.0,0.0,8,0.0,0.0,0.0,108521,"마법 모자",0.0,0.0,0.0,1.6,"마주모 탬버린 카스케트",0.0,0.0
0.0,0.0,0.0,54.8,0.0,1.2,0.0,0.0,8,0.0,0.0,0.0,108523,"마법 모자",0.0,0.0,0.0,1.6,"장미술사의 마연모",0.0,0.0
0.0,0.0,0.0,62.2,0.0,1.0,0.0,0.0,8,0.0,0.0,0.0,108524,"마법 모자",0.0,0.0,0.0,1.0,"엔비 데몬즈 혼",0.0,0.0
0.0,0.0,3.0,0.0,0.0,0.0,0.0,0.0,8,0.0,0.0,0.0,108551,"공격 액세서리",0.0,57.2,0.0,0.0,"아이스 필러 링",0.0,0.0
0.0,0.0,1.8,0.0,0.0,0.0,0.0,0.0,8,0.0,0.0,0.0,108552,"공격 액세서리",0.0,61.6,0.0,0.0,"거문고 실로포니아",0.0,0.0
0.0,0.0,1.8,0.0,0.0,0.0,0.0,0.0,8,0.0,0.0,0.0,108553,"공격 액세서리",0.0,65.4,0.0,0.0,"에인션트 루비",0.0,0.0
0.0,0.0,1.8,0.0,0.0,0.0,0.0,0.0,8,0.0,0.0,0.0,108554,"공격 액세서리",0.0,69.0,0.0,0.0,"로즈 루즈 펜던트",0.0,0.0
0.0,59.0,0.0,0.0,0.0,5.2,0.0,0.0,8,0.0,0.0,0.0,108581,"방어 액세서리",0.0,0.0,0.0,5.2,"그린 오로라 링",0.0,0.0
0.0,91.0,0.0,0.0,0.0,5.2,0.0,0.0,8,0.0,0.0,0.0,108582,"방어 액세서리",0.0,0.0,0.0,5.2,"신선북 팀파니아",0.0,0.0
0.0,109.0,0.0,0.0,0.0,5.4,0.0,0.0,8,0.0,0.0,0.0,108583,"방어 액세서리",0.0,0.0,0.0,5.4,"에인션트 에메랄드",0.0,0.0
0.0,124.0,0.0,0.0,0.0,5.6,0.0,0.0,8,0.0,0.0,0.0,108584,"방어 액세서리",0.0,0.0,0.0,5.6,"로즈 베르테 펜던트",0.0,0.0
0.0,0.0,0.0,56.2,2.4,0.0,0.0,0.0,8,0.0,0.0,0.0,108611,"마법 액세서리",0.0,0.0,0.0,0.0,"설화정 반지",0.0,0.0
0.0,0.0,0.0,61.0,1.4,0.0,0.0,0.0,8,0.0,0.0,0.0,108612,"마법 액세서리",0.0,0.0,0.0,0.0,"신요보 데미스코어",0.0,0.0
0.0,0.0,0.0,64.8,1.4,0.0,0.0,0.0,8,0.0,0.0,0.0,108613,"마법 액세서리",0.0,0.0,0.0,0.0,"에인션트 사파이어",0.0,0.0
0.0,0.0,0.0,68.6,1.4,0.0,0.0,0.0,8,0.0,0.0,0.0,108614,"마법 액세서리",0.0,0.0,0.0,0.0,"라피스 로즈 펜던트",0.0,0.0
0.0,40.0,0.6,0.0,0.0,0.0,0.0,0.0,9,0.0,0.0,0.0,109011,"검",0.0,84.0,0.0,0.0,"데몬 빅팀 소드",0.0,0.0
0.0,40.0,0.6,0.0,0.0,0.0,0.0,0.0,9,0.0,0.0,0.0,109012,"검",0.0,87.8,0.0,0.0,"비검 프라이 뒤집개",0.0,0.0
0.0,40.0,0.6,0.0,0.0,0.0,0.0,0.0,9,0.0,0.0,0.0,109013,"검",0.0,91.4,0.0,0.0,"발리언트 마스트",0.0,0.0
0.0,40.0,0.6,0.0,0.0,0.0,0.0,0.0,9,0.0,0.0,0.0,109014,"검",0.0,95.2,0.0,0.0,"황용풍인",0.0,0.0
0.0,10.0,1.0,0.0,0.0,0.0,0.0,0.0,9,0.0,0.0,0.0,109041,"도",0.0,87.2,0.0,0.0,"데몬즈 스카 블레이드",0.0,0.0
0.0,10.0,1.0,0.0,0.0,0.0,0.0,0.0,9,0.0,0.0,0.0,109042,"도",0.0,90.8,0.0,0.0,"회칼・쇼하치",0.0,0.0
0.0,10.0,1.0,0.0,0.0,0.0,0.0,0.0,9,0.0,0.0,0.0,109043,"도",0.0,94.6,0.0,0.0,"피셔맨즈 소드",0.0,0.0
0.0,10.0,1.0,0.0,0.0,0.0,0.0,0.0,9,0.0,0.0,0.0,109044,"도",0.0,98.4,0.0,0.0,"날카로운 칼・홍일문자",0.0,0.0
0.0,0.0,1.0,0.0,0.0,0.0,0.0,0.0,9,0.0,0.0,0.0,109071,"단검",0.0,88.4,0.0,0.0,"호마의 조도",0.0,0.0
0.0,0.0,1.0,0.0,0.0,0.0,0.0,0.0,9,0.0,0.0,0.0,109072,"단검",0.0,92.0,0.0,0.0,"쿠토 도피스",0.0,0.0
0.0,0.0,1.0,0.0,0.0,0.0,0.0,0.0,9,0.0,0.0,0.0,109073,"단검",0.0,95.8,0.0,0.0,"대등인 알렉산드리아",0.0,0.0
0.0,0.0,1.0,0.0,0.0,0.0,0.0,0.0,9,0.0,0.0,0.0,109074,"단검",0.0,99.4,0.0,0.0,"습풍열조・엽",0.0,0.0
0.0,0.0,1.4,0.0,0.0,0.0,0.0,0.0,9,0.0,0.0,0.0,109101,"권",0.0,88.0,0.0,0.0,"데몬 퍼니시 피스트",0.0,0.0
0.0,0.0,1.4,0.0,0.0,0.0,0.0,0.0,9,0.0,0.0,0.0,109102,"권",0.0,91.8,0.0,0.0,"철관음 오백 주전자",0.0,0.0
0.0,0.0,1.4,0.0,0.0,0.0,0.0,0.0,9,0.0,0.0,0.0,109103,"권",0.0,95.6,0.0,0.0,"해적왕의 의수",0.0,0.0
0.0,0.0,1.4,0.0,0.0,0.0,0.0,0.0,9,0.0,0.0,0.0,109104,"권",0.0,99.2,0.0,0.0,"홍와수갑・권풍",0.0,0.0
0.0,0.0,0.8,0.0,0.0,0.2,0.0,0.0,9,0.0,0.0,0.0,109131,"활",0.0,86.4,0.0,0.2,"디아블로 마셰라",0.0,0.0
0.0,0.0,0.8,0.0,0.0,0.2,0.0,0.0,9,0.0,0.0,0.0,109132,"활",0.0,90.2,0.0,0.2,"스퀴저 보우",0.0,0.0
0.0,0.0,0.8,0.0,0.0,0.2,0.0,0.0,9,0.0,0.0,0.0,109133,"활",0.0,93.8,0.0,0.2,"세일링 슈터",0.0,0.0
0.0,0.0,0.8,0.0,0.0,0.2,0.0,0.0,9,0.0,0.0,0.0,109134,"활",0.0,97.6,0.0,0.2,"금추궁 붉은 담쟁이덩굴",0.0,0.0
0.0,0.0,0.0,0.0,0.0,0.4,0.0,0.0,9,0.0,0.0,0.0,109161,"창",0.0,84.8,0.0,0.4,"데빌 도미니언 랜스",0.0,0.0
0.0,0.0,0.0,0.0,0.0,0.4,0.0,0.0,9,0.0,0.0,0.0,109162,"창",0.0,88.6,0.0,0.4,"랜스 오브 푸르셰트",0.0,0.0
0.0,0.0,0.0,0.0,0.0,0.4,0.0,0.0,9,0.0,0.0,0.0,109163,"창",0.0,92.2,0.0,0.4,"트윈 올 랜스",0.0,0.0
0.0,0.0,0.0,0.0,0.0,0.4,0.0,0.0,9,0.0,0.0,0.0,109164,"창",0.0,96.0,0.0,0.4,"천산홍창 아키사메",0.0,0.0
0.0,20.0,0.6,0.0,0.0,0.0,0.0,0.0,9,0.0,0.0,0.0,109191,"도끼",0.0,86.2,0.0,0.0,"데몬즈 디스트럭션",0.0,0.0
0.0,20.0,0.6,0.0,0.0,0.0,0.0,0.0,9,0.0,0.0,0.0,109192,"도끼",0.0,90.0,0.0,0.0,"미트 맬릿 액스",0.0,0.0
0.0,20.0,0.6,0.0,0.0,0.0,0.0,0.0,9,0.0,0.0,0.0,109193,"도끼",0.0,93.8,0.0,0.0,"호부대발묘",0.0,0.0
0.0,20.0,0.6,0.0,0.0,0.0,0.0,0.0,9,0.0,0.0,0.0,109194,"도끼",0.0,97.4,0.0,0.0,"격추 츠루베오토시",0.0,0.0
0.0,0.0,0.0,87.6,1.2,0.0,0.0,0.0,9,0.0,0.0,0.0,109221,"공격 지팡이",0.0,0.0,0.0,0.0,"데몬즈 코어 완드",0.0,0.0
0.0,0.0,0.0,91.4,1.2,0.0,0.0,0.0,9,0.0,0.0,0.0,109222,"공격 지팡이",0.0,0.0,0.0,0.0,"펠 아 타르테",0.0,0.0
0.0,0.0,0.0,95.0,1.2,0.0,0.0,0.0,9,0.0,0.0,0.0,109223,"공격 지팡이",0.0,0.0,0.0,0.0,"스티어링 휠러",0.0,0.0
0.0,0.0,0.0,98.8,1.2,0.0,0.0,0.0,9,0.0,0.0,0.0,109224,"공격 지팡이",0.0,0.0,0.0,0.0,"공손수장・은천",0.0,0.0
0.0,60.0,0.0,78.0,0.0,0.4,0.0,0.0,9,0.0,0.0,0.0,109251,"회복 지팡이",0.0,0.0,0.0,0.4,"로드 오브 데몬즈 하트",0.0,0.0
0.0,60.0,0.0,81.8,0.0,0.4,0.0,0.0,9,0.0,0.0,0.0,109252,"회복 지팡이",0.0,0.0,0.0,0.4,"매지컬 레이들 스태프",0.0,0.0
0.0,60.0,0.0,85.6,0.0,0.4,0.0,0.0,9,0.0,0.0,0.0,109253,"회복 지팡이",0.0,0.0,0.0,0.4,"시버드 플로터",0.0,0.0
0.0,60.0,0.0,89.2,0.0,0.4,0.0,0.0,9,0.0,0.0,0.0,109254,"회복 지팡이",0.0,0.0,0.0,0.4,"단풍 무녀의 시다레구시",0.0,0.0
0.0,0.0,1.8,0.0,0.0,2.0,0.0,0.0,9,0.0,0.0,0.0,109281,"경갑옷",0.0,58.2,0.0,2.0,"에이프런 라이트 메일",0.0,0.0
0.0,0.0,1.8,0.0,0.0,2.0,0.0,0.0,9,0.0,0.0,0.0,109282,"경갑옷",0.0,61.6,0.0,2.0,"라이트 세일러 클로스",0.0,0.0
0.0,0.0,1.8,0.0,0.0,2.0,0.0,0.0,9,0.0,0.0,0.0,109283,"경갑옷",0.0,65.0,0.0,2.0,"사랑으로 물든 가을 단풍 무늬",0.0,0.0
0.0,0.0,1.8,0.0,0.0,2.0,0.0,0.0,9,0.0,0.0,0.0,109284,"경갑옷",0.0,68.4,0.0,2.0,"아머 오브 파워",0.0,0.0
0.0,418.0,0.0,0.0,0.0,3.2,0.0,0.0,9,0.0,0.0,0.0,109311,"중갑옷",0.0,0.0,0.0,3.2,"아머 드 타블리에",0.0,0.0
0.0,431.0,0.0,0.0,0.0,3.4,0.0,0.0,9,0.0,0.0,0.0,109312,"중갑옷",0.0,0.0,0.0,3.4,"헤비 마리너 클로스",0.0,0.0
0.0,444.0,0.0,0.0,0.0,3.6,0.0,0.0,9,0.0,0.0,0.0,109313,"중갑옷",0.0,0.0,0.0,3.6,"당홍희 무장 대갑옷",0.0,0.0
0.0,474.0,0.0,0.0,0.0,3.6,0.0,0.0,9,0.0,0.0,0.0,109314,"중갑옷",0.0,0.0,0.0,3.6,"메일 오브 버쳐",0.0,0.0
0.0,64.0,0.0,0.0,0.0,1.0,0.0,0.0,9,0.0,0.0,0.0,109341,"옷",0.0,61.8,0.0,1.0,"베테랑 셰프 크로스",0.0,0.0
0.0,64.0,0.0,0.0,0.0,1.0,0.0,0.0,9,0.0,0.0,0.0,109343,"옷",0.0,68.8,0.0,1.0,"추풍열장・홍",0.0,0.0
0.0,0.0,0.0,62.0,1.0,1.6,0.0,0.0,9,0.0,0.0,0.0,109371,"마도복",0.0,0.0,0.0,1.6,"프로 웨이트리스 에이프런",0.0,0.0
0.0,0.0,0.0,65.6,1.0,1.6,0.0,0.0,9,0.0,0.0,0.0,109372,"마도복",0.0,0.0,0.0,1.6,"시 내비게이터 클로스",0.0,0.0
0.0,0.0,0.0,69.0,1.0,1.6,0.0,0.0,9,0.0,0.0,0.0,109373,"마도복",0.0,0.0,0.0,1.6,"공주 법사 가을 풀 의상",0.0,0.0
0.0,0.0,0.0,72.4,1.0,1.6,0.0,0.0,9,0.0,0.0,0.0,109374,"마도복",0.0,0.0,0.0,1.6,"로브 오브 도미니온",0.0,0.0
0.0,52.0,0.0,0.0,0.0,3.0,0.0,0.0,9,0.0,0.0,0.0,109401,"방패",0.0,43.2,0.0,3.0,"하이 실드 소서",0.0,0.0
0.0,52.0,0.0,0.0,0.0,3.0,0.0,0.0,9,0.0,0.0,0.0,109402,"방패",0.0,46.6,0.0,3.0,"에스쿠도 데 볼란테",0.0,0.0
0.0,0.0,0.0,0.0,0.0,1.0,0.0,0.0,9,0.0,0.0,0.0,109432,"신발",0.0,72.6,0.0,1.0,"워터라인 러너",0.0,0.0
0.0,0.0,0.0,0.0,0.0,1.2,0.0,0.0,9,0.0,0.0,0.0,109434,"신발",0.0,77.4,0.0,1.2,"힐 오브 프린시펄리티",0.0,0.0
0.0,92.0,0.0,60.8,0.0,0.8,0.0,0.0,9,0.0,0.0,0.0,109461,"마법 신발",0.0,0.0,0.0,0.8,"타서 탈론",0.0,0.0
0.0,92.0,0.0,67.6,0.0,0.8,0.0,0.0,9,0.0,0.0,0.0,109463,"마법 신발",0.0,0.0,0.0,0.8,"명강유화 아키요나가",0.0,0.0
0.0,105.0,0.0,0.0,0.0,0.0,0.0,0.0,9,0.0,0.0,0.0,109493,"모자",0.0,74.2,0.0,0.0,"가을하늘의 붉은 투구 아키시구레",0.0,0.0
0.0,105.0,0.0,0.0,0.0,0.0,0.0,0.0,9,0.0,0.0,0.0,109494,"모자",0.0,77.6,0.0,0.0,"티아라 오브 솔로네",0.0,0.0
0.0,0.0,0.0,74.6,0.0,0.8,0.0,0.0,9,0.0,0.0,0.0,109522,"마법 모자",0.0,0.0,0.0,0.8,"호라이즌 워처",0.0,0.0
0.0,0.0,0.0,81.4,0.0,0.8,0.0,0.0,9,0.0,0.0,0.0,109524,"마법 모자",0.0,0.0,0.0,0.8,"햇 오브 케루빔",0.0,0.0
0.0,0.0,2.0,0.0,0.0,0.0,0.0,0.0,9,0.0,0.0,0.0,109551,"공격 액세서리",0.0,76.6,0.0,0.0,"쌍각마의 목걸이",0.0,0.0
0.0,0.0,2.0,0.0,0.0,0.0,0.0,0.0,9,0.0,0.0,0.0,109552,"공격 액세서리",0.0,80.2,0.0,0.0,"홍색 꽃장식 과자칼",0.0,0.0
0.0,0.0,2.0,0.0,0.0,0.0,0.0,0.0,9,0.0,0.0,0.0,109553,"공격 액세서리",0.0,84.0,0.0,0.0,"홍해의 휠 브로치",0.0,0.0
0.0,0.0,2.0,0.0,0.0,0.0,0.0,0.0,9,0.0,0.0,0.0,109554,"공격 액세서리",0.0,87.8,0.0,0.0,"단풍부채 코쵸우모미지",0.0,0.0
0.0,155.0,0.0,0.0,0.0,6.0,0.0,0.0,9,0.0,0.0,0.0,109581,"방어 액세서리",0.0,0.0,0.0,6.0,"디아블로 멤브랜스",0.0,0.0
0.0,171.0,0.0,0.0,0.0,6.2,0.0,0.0,9,0.0,0.0,0.0,109582,"방어 액세서리",0.0,0.0,0.0,6.2,"비취 꽃장식 젓가락",0.0,0.0
0.0,187.0,0.0,0.0,0.0,6.4,0.0,0.0,9,0.0,0.0,0.0,109583,"방어 액세서리",0.0,0.0,0.0,6.4,"벽해의 앵커 브로치",0.0,0.0
0.0,202.0,0.0,0.0,0.0,6.6,0.0,0.0,9,0.0,0.0,0.0,109584,"방어 액세서리",0.0,0.0,0.0,6.6,"취풍선 카노코이쵸",0.0,0.0
0.0,0.0,0.0,76.0,1.6,0.0,0.0,0.0,9,0.0,0.0,0.0,109611,"마법 액세서리",0.0,0.0,0.0,0.0,"데모닉 테일 타이",0.0,0.0
0.0,0.0,0.0,79.6,1.6,0.0,0.0,0.0,9,0.0,0.0,0.0,109612,"마법 액세서리",0.0,0.0,0.0,0.0,"사파이어 포크 헤어핀",0.0,0.0
0.0,0.0,0.0,83.4,1.6,0.0,0.0,0.0,9,0.0,0.0,0.0,109613,"마법 액세서리",0.0,0.0,0.0,0.0,"창해의 플로터 브로치",0.0,0.0
0.0,0.0,0.0,87.2,1.6,0.0,0.0,0.0,9,0.0,0.0,0.0,109614,"마법 액세서리",0.0,0.0,0.0,0.0,"벽야선 이노코카에데",0.0,0.0
0.0,60.0,0.6,0.0,0.0,0.0,0.0,0.0,10,0.0,0.0,0.0,10001032,"검",0.0,96.8,0.0,0.0,"소드 오브 미카엘",0.0,0.0
0.0,60.0,0.6,0.0,0.0,0.0,0.0,0.0,10,0.0,0.0,0.0,10001033,"검",0.0,104.2,0.0,0.0,"요정황검 아킬레아나",0.0,0.0
0.0,60.0,0.6,0.0,0.0,0.0,0.0,0.0,10,0.0,0.0,0.0,10001034,"검",0.0,108.0,0.0,0.0,"감초의 비검",0.0,0.0
0.0,60.0,0.6,0.0,0.0,0.0,0.0,0.0,10,0.0,0.0,0.0,10001035,"검",0.0,111.8,0.0,0.0,"오토마톤 엑스 소드",0.0,0.0
0.0,12.0,1.0,0.0,0.0,0.0,0.0,0.0,10,0.0,0.0,0.0,10004032,"도",0.0,102.0,0.0,0.0,"블레이드 오브 루시펠",0.0,0.0
0.0,12.0,1.0,0.0,0.0,0.0,0.0,0.0,10,0.0,0.0,0.0,10004033,"도",0.0,109.4,0.0,0.0,"요정무도 파트로클로스",0.0,0.0
0.0,12.0,1.0,0.0,0.0,0.0,0.0,0.0,10,0.0,0.0,0.0,10004034,"도",0.0,113.2,0.0,0.0,"천하제일 멜론검",0.0,0.0
0.0,12.0,1.0,0.0,0.0,0.0,0.0,0.0,10,0.0,0.0,0.0,10004035,"도",0.0,117.0,0.0,0.0,"오토마톤 엑스 카타나",0.0,0.0
0.0,0.0,1.0,0.0,0.0,0.0,0.0,0.0,10,0.0,0.0,0.0,10007032,"단검",0.0,103.2,0.0,0.0,"엣지 오브 사타나엘",0.0,0.0
0.0,0.0,1.0,0.0,0.0,0.0,0.0,0.0,10,0.0,0.0,0.0,10007033,"단검",0.0,110.8,0.0,0.0,"요정몽인 다이다미아",0.0,0.0
0.0,0.0,1.0,0.0,0.0,0.0,0.0,0.0,10,0.0,0.0,0.0,10007034,"단검",0.0,114.6,0.0,0.0,"미완성 칼날・운수",0.0,0.0
0.0,0.0,1.0,0.0,0.0,0.0,0.0,0.0,10,0.0,0.0,0.0,10007035,"단검",0.0,118.4,0.0,0.0,"오토마톤 엑스 대거",0.0,0.0
0.0,0.0,1.2,0.0,0.0,0.0,0.0,0.0,10,0.0,0.0,0.0,10010032,"권",0.0,103.2,0.0,0.0,"피스트 오브 우리엘",0.0,0.0
0.0,0.0,1.2,0.0,0.0,0.0,0.0,0.0,10,0.0,0.0,0.0,10010033,"권",0.0,110.6,0.0,0.0,"요정환수 카시카모",0.0,0.0
0.0,0.0,1.2,0.0,0.0,0.0,0.0,0.0,10,0.0,0.0,0.0,10010034,"권",0.0,114.4,0.0,0.0,"망고 팔 보호대",0.0,0.0
0.0,0.0,1.2,0.0,0.0,0.0,0.0,0.0,10,0.0,0.0,0.0,10010035,"권",0.0,118.2,0.0,0.0,"오토마톤 엑스 엣지",0.0,0.0
0.0,0.0,0.8,0.0,0.0,0.2,0.0,0.0,10,0.0,0.0,0.0,10013032,"활",0.0,101.4,0.0,0.2,"보우 오브 라파엘",0.0,0.0
0.0,0.0,0.8,0.0,0.0,0.2,0.0,0.0,10,0.0,0.0,0.0,10013033,"활",0.0,108.8,0.0,0.2,"요정재궁 타미리스",0.0,0.0
0.0,0.0,0.8,0.0,0.0,0.2,0.0,0.0,10,0.0,0.0,0.0,10013034,"활",0.0,112.6,0.0,0.2,"앵두나무 가지 활",0.0,0.0
0.0,0.0,0.8,0.0,0.0,0.2,0.0,0.0,10,0.0,0.0,0.0,10013035,"활",0.0,116.4,0.0,0.2,"오토마톤 엑스 보",0.0,0.0
0.0,0.0,0.0,0.0,0.0,0.4,0.0,0.0,10,0.0,0.0,0.0,10016032,"창",0.0,99.8,0.0,0.4,"랜스 오브 자드키엘",0.0,0.0
0.0,0.0,0.0,0.0,0.0,0.4,0.0,0.0,10,0.0,0.0,0.0,10016033,"창",0.0,107.2,0.0,0.4,"요정시창 메넬라우스",0.0,0.0
0.0,0.0,0.0,0.0,0.0,0.4,0.0,0.0,10,0.0,0.0,0.0,10016034,"창",0.0,111.0,0.0,0.4,"복분자 정창",0.0,0.0
0.0,0.0,0.0,0.0,0.0,0.4,0.0,0.0,10,0.0,0.0,0.0,10016035,"창",0.0,114.8,0.0,0.4,"오토마톤 엑스 랜스",0.0,0.0
0.0,40.0,0.6,0.0,0.0,0.0,0.0,0.0,10,0.0,0.0,0.0,10019032,"도끼",0.0,99.0,0.0,0.0,"액스 오브 카마엘",0.0,0.0
0.0,40.0,0.6,0.0,0.0,0.0,0.0,0.0,10,0.0,0.0,0.0,10019033,"도끼",0.0,106.4,0.0,0.0,"요정양부 몬테즈마",0.0,0.0
0.0,40.0,0.6,0.0,0.0,0.0,0.0,0.0,10,0.0,0.0,0.0,10019034,"도끼",0.0,110.2,0.0,0.0,"사향고양이과의 강철 망치",0.0,0.0
0.0,40.0,0.6,0.0,0.0,0.0,0.0,0.0,10,0.0,0.0,0.0,10019035,"도끼",0.0,114.0,0.0,0.0,"오토마톤 엑스 프레스",0.0,0.0
0.0,0.0,0.0,102.6,1.2,0.0,0.0,0.0,10,0.0,0.0,0.0,10022032,"공격 지팡이",0.0,0.0,0.0,0.0,"완드 오브 요피엘",0.0,0.0
0.0,0.0,0.0,110.0,1.2,0.0,0.0,0.0,10,0.0,0.0,0.0,10022033,"공격 지팡이",0.0,0.0,0.0,0.0,"요정붕장 키프리스",0.0,0.0
0.0,0.0,0.0,113.8,1.2,0.0,0.0,0.0,10,0.0,0.0,0.0,10022034,"공격 지팡이",0.0,0.0,0.0,0.0,"사과 지팡이・북두",0.0,0.0
0.0,0.0,0.0,117.6,1.2,0.0,0.0,0.0,10,0.0,0.0,0.0,10022035,"공격 지팡이",0.0,0.0,0.0,0.0,"오토마톤 엑스 로드",0.0,0.0
0.0,60.0,0.0,93.0,0.0,0.4,0.0,0.0,10,0.0,0.0,0.0,10025032,"회복 지팡이",0.0,0.0,0.0,0.4,"로드 오브 가브리엘",0.0,0.0
0.0,60.0,0.0,100.4,0.0,0.4,0.0,0.0,10,0.0,0.0,0.0,10025033,"회복 지팡이",0.0,0.0,0.0,0.4,"요정회장 아낙시비아",0.0,0.0
0.0,60.0,0.0,104.2,0.0,0.4,0.0,0.0,10,0.0,0.0,0.0,10025034,"회복 지팡이",0.0,0.0,0.0,0.4,"포도 지팡이・용안",0.0,0.0
0.0,60.0,0.0,108.0,0.0,0.4,0.0,0.0,10,0.0,0.0,0.0,10025035,"회복 지팡이",0.0,0.0,0.0,0.4,"오토마톤 엑스 바통",0.0,0.0
0.0,0.0,1.6,0.0,0.0,2.2,0.0,0.0,10,0.0,0.0,0.0,10028032,"경갑옷",0.0,73.4,0.0,2.2,"요정휘장 쿠훌린",0.0,0.0
0.0,0.0,1.6,0.0,0.0,2.2,0.0,0.0,10,0.0,0.0,0.0,10028033,"경갑옷",0.0,76.8,0.0,2.2,"백련각의 비늘 갑옷",0.0,0.0
0.0,0.0,1.6,0.0,0.0,2.2,0.0,0.0,10,0.0,0.0,0.0,10028034,"경갑옷",0.0,80.2,0.0,2.2,"오토마톤 엑소 스컬",0.0,0.0
0.0,0.0,1.6,0.0,0.0,2.4,0.0,0.0,10,0.0,0.0,0.0,10028035,"경갑옷",0.0,81.8,0.0,2.4,"절멸해장 타이런트",0.0,0.0
0.0,518.0,0.0,0.0,0.0,3.8,0.0,0.0,10,0.0,0.0,0.0,10031032,"중갑옷",0.0,0.0,0.0,3.8,"요정개갑 오베론",0.0,0.0
0.0,548.0,0.0,0.0,0.0,3.8,0.0,0.0,10,0.0,0.0,0.0,10031033,"중갑옷",0.0,0.0,0.0,3.8,"봉리의 중각 갑옷",0.0,0.0
0.0,578.0,0.0,0.0,0.0,3.8,0.0,0.0,10,0.0,0.0,0.0,10031034,"중갑옷",0.0,0.0,0.0,3.8,"오토마톤 엑소 셸",0.0,0.0
0.0,592.0,0.0,0.0,0.0,4.0,0.0,0.0,10,0.0,0.0,0.0,10031035,"중갑옷",0.0,0.0,0.0,4.0,"격멸린장 기간트",0.0,0.0
0.0,74.0,0.0,0.0,0.0,1.2,0.0,0.0,10,0.0,0.0,0.0,10034032,"옷",0.0,75.8,0.0,1.2,"요정무장 아눈",0.0,0.0
0.0,74.0,0.0,0.0,0.0,1.2,0.0,0.0,10,0.0,0.0,0.0,10034034,"옷",0.0,82.8,0.0,1.2,"오토마톤 재킷",0.0,0.0
0.0,0.0,0.0,77.2,1.0,1.8,0.0,0.0,10,0.0,0.0,0.0,10037032,"마도복",0.0,0.0,0.0,1.8,"요정여장 티타니아",0.0,0.0
0.0,0.0,0.0,80.6,1.0,1.8,0.0,0.0,10,0.0,0.0,0.0,10037033,"마도복",0.0,0.0,0.0,1.8,"포도 유자 마법복",0.0,0.0
0.0,0.0,0.0,84.2,1.0,1.8,0.0,0.0,10,0.0,0.0,0.0,10037034,"마도복",0.0,0.0,0.0,1.8,"오토마톤 엑소 슈트",0.0,0.0
0.0,0.0,0.0,85.6,1.0,2.0,0.0,0.0,10,0.0,0.0,0.0,10037035,"마도복",0.0,0.0,0.0,2.0,"환하영장 아노말리",0.0,0.0
0.0,105.0,0.0,0.0,0.0,0.0,0.0,0.0,10,0.0,0.0,0.0,10040032,"방패",0.0,74.2,0.0,0.0,"요정총순 스프리건",0.0,0.0
0.0,72.0,0.0,0.0,0.0,3.0,0.0,0.0,10,0.0,0.0,0.0,10040033,"방패",0.0,61.6,0.0,3.0,"사향고양이과의 향초 방패",0.0,0.0
0.0,72.0,0.0,0.0,0.0,3.2,0.0,0.0,10,0.0,0.0,0.0,10040035,"방패",0.0,66.4,0.0,3.2,"격돌중순 트라이세라",0.0,0.0
0.0,0.0,0.0,0.0,0.0,1.2,0.0,0.0,10,0.0,0.0,0.0,10043033,"신발",0.0,87.8,0.0,1.2,"푸르게 빛나는 수박 무늬 해수신",0.0,0.0
0.0,0.0,0.0,0.0,0.0,1.4,0.0,0.0,10,0.0,0.0,0.0,10043035,"신발",0.0,92.6,0.0,1.4,"아룡질화 듀얼 랩터",0.0,0.0
0.0,100.0,0.0,77.0,0.0,0.8,0.0,0.0,10,0.0,0.0,0.0,10046032,"마법 신발",0.0,0.0,0.0,0.8,"요정무답 실키",0.0,0.0
0.0,100.0,0.0,80.4,0.0,0.8,0.0,0.0,10,0.0,0.0,0.0,10046033,"마법 신발",0.0,0.0,0.0,0.8,"홍옥 딸기 단화",0.0,0.0
0.0,105.0,0.0,0.0,0.0,0.0,0.0,0.0,10,0.0,0.0,0.0,10049034,"모자",0.0,91.2,0.0,0.0,"오토마톤 바이저",0.0,0.0
0.0,0.0,0.0,95.0,0.0,0.8,0.0,0.0,10,0.0,0.0,0.0,10052034,"마법 모자",0.0,0.0,0.0,0.8,"오토마톤 풀 페이스",0.0,0.0
0.0,0.0,0.0,98.6,0.0,0.8,0.0,0.0,10,0.0,0.0,0.0,10052035,"마법 모자",0.0,0.0,0.0,0.8,"익룡액관 롱기셉스",0.0,0.0
0.0,0.0,1.8,0.0,0.0,0.0,0.0,0.0,10,0.0,0.0,0.0,10055032,"공격 액세서리",0.0,91.6,0.0,0.0,"링 오브 메타트론",0.0,0.0
0.0,0.0,1.8,0.0,0.0,0.0,0.0,0.0,10,0.0,0.0,0.0,10055033,"공격 액세서리",0.0,99.0,0.0,0.0,"요정정시 바하",0.0,0.0
0.0,0.0,1.8,0.0,0.0,0.0,0.0,0.0,10,0.0,0.0,0.0,10055034,"공격 액세서리",0.0,102.8,0.0,0.0,"홍옥의 휘장",0.0,0.0
0.0,0.0,1.8,0.0,0.0,0.0,0.0,0.0,10,0.0,0.0,0.0,10055035,"공격 액세서리",0.0,106.6,0.0,0.0,"크림슨 델타",0.0,0.0
0.0,236.0,0.0,0.0,0.0,6.6,0.0,0.0,10,0.0,0.0,0.0,10058032,"방어 액세서리",0.0,0.0,0.0,6.6,"링 오브 세피로트",0.0,0.0
0.0,284.0,0.0,0.0,0.0,6.8,0.0,0.0,10,0.0,0.0,0.0,10058033,"방어 액세서리",0.0,0.0,0.0,6.8,"요정용시 네반",0.0,0.0
0.0,318.0,0.0,0.0,0.0,6.8,0.0,0.0,10,0.0,0.0,0.0,10058034,"방어 액세서리",0.0,0.0,0.0,6.8,"키위 개다래나무 휘장",0.0,0.0
0.0,352.0,0.0,0.0,0.0,6.8,0.0,0.0,10,0.0,0.0,0.0,10058035,"방어 액세서리",0.0,0.0,0.0,6.8,"베르데 스퀘어",0.0,0.0
0.0,0.0,0.0,91.0,1.4,0.0,0.0,0.0,10,0.0,0.0,0.0,10061032,"마법 액세서리",0.0,0.0,0.0,0.0,"링 오브 산달폰",0.0,0.0
0.0,0.0,0.0,98.6,1.4,0.0,0.0,0.0,10,0.0,0.0,0.0,10061033,"마법 액세서리",0.0,0.0,0.0,0.0,"요정환시 모리안",0.0,0.0
0.0,0.0,0.0,102.4,1.4,0.0,0.0,0.0,10,0.0,0.0,0.0,10061034,"마법 액세서리",0.0,0.0,0.0,0.0,"거봉의 휘장",0.0,0.0
0.0,0.0,0.0,106.2,1.4,0.0,0.0,0.0,10,0.0,0.0,0.0,10061035,"마법 액세서리",0.0,0.0,0.0,0.0,"아주르 서큘러",0.0,0.0
