needed_point,total_point,rankup_level,enhance_level,rarity,needed_mana
150,150,0,1,1,10
250,400,0,2,1,10
400,800,0,3,1,10
150,150,0,1,2,20
250,400,0,2,2,20
400,800,0,3,2,20
500,1300,1,4,2,20
800,800,0,1,3,30
1000,1800,0,2,3,30
1200,3000,0,3,3,30
1400,4400,1,4,3,30
1600,6000,2,5,3,30
800,800,0,1,4,40
1000,1800,0,2,4,40
1200,3000,0,3,4,40
1400,4400,1,4,4,40
1600,6000,2,5,4,40
0,0,0,0,5,0
